time,contralateral_sh_el_deg,sh_el_deg,stim_curr
0.00416,-1.103,0.615,0.00
0.01435,-1.103,0.615,0.00
0.02450,-1.093,0.604,0.00
0.03466,-1.093,0.604,0.00
0.04482,-1.084,0.592,0.00
0.05497,-1.084,0.592,0.00
0.06514,-1.077,0.580,0.00
0.07530,-1.077,0.580,0.00
0.08611,-1.075,0.566,0.00
0.09783,-1.075,0.566,0.00
0.10822,-1.075,0.566,0.00
0.11844,-1.071,0.552,0.00
0.12865,-1.071,0.552,0.00
0.13889,-1.064,0.537,0.00
0.14906,-1.064,0.537,0.00
0.15922,-1.064,0.528,0.00
0.16944,-1.046,0.515,0.00
0.17961,-1.046,0.515,0.00
0.19088,-1.038,0.504,0.00
0.20201,-1.038,0.504,0.00
0.21254,-1.039,0.500,0.00
0.22285,-1.039,0.500,0.00
0.23302,-1.037,0.490,0.00
0.24318,-1.030,0.482,0.00
0.25344,-1.030,0.482,0.00
0.26359,-1.030,0.478,0.00
0.27474,-1.023,0.478,0.00
0.28511,-1.019,0.478,0.00
0.29555,-1.019,0.478,0.00
0.30816,-1.018,0.478,0.00
0.31834,-1.018,0.483,0.00
0.32891,-1.018,0.483,0.00
0.33922,-1.022,0.490,0.00
0.34939,-1.023,0.498,0.00
0.36015,-1.023,0.498,0.00
0.37032,-1.026,0.505,0.00
0.38073,-1.026,0.505,0.00
0.39089,-1.026,0.510,0.00
0.40116,-1.026,0.510,0.00
0.41133,-1.028,0.513,0.00
0.42149,-1.029,0.516,0.00
0.43171,-1.029,0.516,0.00
0.44213,-1.025,0.523,0.00
0.45229,-1.025,0.523,0.00
0.46257,-1.025,0.523,0.00
0.47279,-1.023,0.525,0.00
0.48295,-1.017,0.528,0.00
0.49313,-1.017,0.528,0.00
0.50329,-1.014,0.531,0.00
0.51345,-1.014,0.531,0.00
0.52360,-1.008,0.534,0.00
0.53389,-1.008,0.534,0.00
0.54429,-1.001,0.536,0.00
0.55470,-1.001,0.536,0.00
0.56501,-1.001,0.537,0.00
0.57519,-0.995,0.537,0.00
0.58576,-0.986,0.538,0.00
0.59614,-0.986,0.538,0.00
0.60650,-0.976,0.538,0.00
0.61668,-0.976,0.538,0.00
0.62695,-0.967,0.534,0.00
0.63738,-0.967,0.534,0.00
0.64842,-0.960,0.527,0.00
0.65875,-0.960,0.527,0.00
0.66900,-0.956,0.524,0.00
0.67931,-0.956,0.524,0.00
0.68941,-0.948,0.522,0.00
0.69994,-0.948,0.522,0.00
0.71009,-0.940,0.520,0.00
0.72037,-0.940,0.520,0.00
0.73053,-0.938,0.520,0.00
0.74069,-0.938,0.520,0.00
0.75144,-0.944,0.520,0.00
0.76175,-0.944,0.519,0.00
0.77198,-0.948,0.519,0.00
0.78230,-0.948,0.519,0.00
0.79246,-0.942,0.518,0.00
0.80262,-0.942,0.515,0.00
0.81312,-0.937,0.515,0.00
0.82326,-0.937,0.514,0.00
0.83344,-0.934,0.514,0.00
0.84362,-0.934,0.514,0.00
0.85460,-0.935,0.513,0.00
0.86478,-0.935,0.513,0.00
0.87494,-0.947,0.510,0.00
0.88515,-0.947,0.510,0.00
0.89533,-0.962,0.510,0.00
0.90551,-0.971,0.511,0.00
0.91567,-0.971,0.511,0.00
0.92753,-0.984,0.515,0.00
0.94100,-0.984,0.516,0.00
0.95115,-0.999,0.516,0.00
0.96131,-1.010,0.516,0.00
0.97150,-1.010,0.519,0.00
0.98433,-1.024,0.523,0.00
0.99451,-1.024,0.523,0.00
1.00467,-1.045,0.525,0.00
1.01483,-1.045,0.525,0.00
1.02500,-1.045,0.525,0.00
1.03517,-1.045,0.525,0.00
1.04534,-1.045,0.525,0.00
1.05549,-1.061,0.522,0.00
1.06569,-1.077,0.521,0.00
1.07594,-1.091,0.521,0.00
1.08609,-1.107,0.524,0.00
1.09637,-1.107,0.524,0.00
1.10665,-1.123,0.527,0.00
1.11699,-1.123,0.527,0.00
1.12727,-1.141,0.531,0.00
1.13742,-1.141,0.531,0.00
1.14758,-1.159,0.531,0.00
1.15834,-1.159,0.533,0.00
1.16855,-1.172,0.531,0.00
1.17890,-1.172,0.531,0.00
1.18911,-1.187,0.531,0.00
1.19945,-1.187,0.531,0.00
1.20988,-1.197,0.532,0.00
1.22003,-1.197,0.532,0.00
1.23019,-1.207,0.532,0.00
1.24034,-1.207,0.532,0.00
1.25049,-1.214,0.536,0.00
1.26075,-1.214,0.536,0.00
1.27084,-1.218,0.534,0.00
1.28099,-1.218,0.534,0.00
1.29113,-1.222,0.538,0.00
1.30125,-1.222,0.538,0.00
1.31166,-1.225,0.540,0.00
1.32250,-1.225,0.540,0.00
1.33265,-1.232,0.543,0.00
1.34285,-1.232,0.543,0.00
1.35301,-1.236,0.545,0.00
1.36317,-1.238,0.548,0.00
1.37333,-1.238,0.548,0.00
1.38349,-1.234,0.550,0.00
1.39367,-1.234,0.550,0.00
1.40384,-1.226,0.550,0.00
1.41399,-1.226,0.550,0.00
1.42418,-1.216,0.546,0.00
1.43504,-1.216,0.546,0.00
1.44528,-1.208,0.540,0.00
1.45549,-1.208,0.540,0.00
1.46627,-1.201,0.537,0.00
1.47650,-1.201,0.537,0.00
1.48666,-1.186,0.533,0.00
1.49682,-1.186,0.533,0.00
1.50721,-1.177,0.529,0.00
1.51905,-1.177,0.526,0.00
1.52930,-1.169,0.526,0.00
1.54084,-1.169,0.526,0.00
1.55100,-1.162,0.522,0.00
1.56133,-1.162,0.517,0.00
1.57149,-1.146,0.517,0.00
1.58179,-1.146,0.508,0.00
1.59195,-1.126,0.508,0.00
1.60263,-1.126,0.508,0.00
1.61278,-1.110,0.500,0.00
1.62331,-1.100,0.493,0.00
1.63346,-1.100,0.493,0.00
1.64362,-1.097,0.486,0.00
1.65378,-1.097,0.486,0.00
1.66394,-1.098,0.482,0.00
1.67426,-1.098,0.482,0.00
1.68442,-1.098,0.482,0.00
1.69470,-1.098,0.480,0.00
1.70486,-1.096,0.478,0.00
1.71503,-1.096,0.478,0.00
1.72524,-1.093,0.478,0.00
1.73546,-1.093,0.478,0.00
1.74610,-1.093,0.475,0.00
1.75626,-1.093,0.475,0.00
1.76642,-1.092,0.474,0.00
1.77772,-1.092,0.474,0.00
1.78767,-1.099,0.478,0.00
1.79785,-1.099,0.478,0.00
1.80800,-1.102,0.476,0.00
1.81846,-1.103,0.476,0.00
1.82862,-1.103,0.480,0.00
1.83877,-1.103,0.480,0.00
1.84895,-1.102,0.484,0.00
1.85910,-1.102,0.484,0.00
1.86932,-1.102,0.492,0.00
1.87954,-1.099,0.502,0.00
1.89005,-1.093,0.502,0.00
1.90021,-1.093,0.502,0.00
1.91037,-1.089,0.514,0.00
1.92090,-1.089,0.525,0.00
1.93133,-1.084,0.525,0.00
1.94264,-1.084,0.525,0.00
1.95279,-1.077,0.532,0.00
1.96443,-1.077,0.532,0.00
1.97459,-1.064,0.541,0.00
1.98531,-1.049,0.551,0.00
1.99547,-1.049,0.551,0.00
2.00641,-1.031,0.563,0.00
2.01659,-1.031,0.563,0.00
2.02674,-1.011,0.574,0.00
2.03691,-1.011,0.574,0.00
2.04717,-0.987,0.582,0.00
2.05732,-0.987,0.582,0.00
2.06757,-0.963,0.593,0.00
2.07788,-0.963,0.593,0.00
2.08804,-0.939,0.602,0.00
2.09846,-0.939,0.602,0.00
2.10861,-0.910,0.602,0.00
2.11880,-0.910,0.609,0.00
2.12896,-0.881,0.615,0.00
2.13912,-0.881,0.615,0.00
2.14927,-0.855,0.615,0.00
2.15942,-0.855,0.620,0.00
2.16983,-0.826,0.624,0.00
2.17999,-0.798,0.624,0.00
2.19015,-0.798,0.625,0.00
2.20033,-0.771,0.625,0.00
2.21062,-0.771,0.625,0.00
2.22109,-0.771,0.625,0.00
2.23131,-0.743,0.625,0.00
2.24146,-0.743,0.624,0.00
2.25162,-0.715,0.624,0.00
2.26177,-0.715,0.624,0.00
2.27193,-0.684,0.622,0.00
2.28209,-0.684,0.618,0.00
2.29224,-0.660,0.618,0.00
2.30239,-0.640,0.614,0.00
2.31267,-0.640,0.614,0.00
2.32299,-0.640,0.607,0.00
2.33332,-0.629,0.607,0.00
2.34368,-0.629,0.607,0.00
2.35404,-0.629,0.598,0.00
2.36436,-0.601,0.587,0.00
2.37468,-0.601,0.587,0.00
2.38500,-0.588,0.570,0.00
2.39531,-0.588,0.570,0.00
2.40662,-0.580,0.555,0.00
2.41698,-0.580,0.555,0.00
2.42726,-0.574,0.540,0.00
2.43767,-0.574,0.540,0.00
2.44790,-0.574,0.523,0.00
2.45855,-0.574,0.523,0.00
2.46890,-0.578,0.509,0.00
2.47910,-0.578,0.509,0.00
2.48926,-0.582,0.494,0.00
2.49942,-0.582,0.494,0.00
2.50967,-0.587,0.480,0.00
2.51983,-0.587,0.480,0.00
2.52998,-0.592,0.466,0.00
2.54015,-0.592,0.450,0.00
2.55031,-0.601,0.450,0.00
2.56065,-0.601,0.444,0.00
2.57086,-0.622,0.444,0.00
2.58103,-0.622,0.444,0.00
2.59118,-0.641,0.437,0.00
2.60133,-0.641,0.437,0.00
2.61148,-0.659,0.431,0.00
2.62165,-0.659,0.427,0.00
2.63182,-0.680,0.427,0.00
2.64197,-0.680,0.427,0.00
2.65215,-0.680,0.427,0.00
2.66231,-0.700,0.425,0.00
2.67246,-0.718,0.431,0.00
2.68280,-0.718,0.440,0.00
2.69295,-0.738,0.440,0.00
2.70312,-0.759,0.452,0.00
2.71368,-0.759,0.452,0.00
2.72384,-0.777,0.468,0.00
2.73399,-0.777,0.468,0.00
2.74415,-0.793,0.482,0.00
2.75432,-0.793,0.482,0.00
2.76449,-0.793,0.482,0.00
2.77463,-0.807,0.494,0.00
2.78480,-0.807,0.494,0.00
2.79497,-0.807,0.494,0.00
2.80511,-0.819,0.494,0.00
2.81527,-0.833,0.527,0.00
2.82543,-0.845,0.538,0.00
2.83558,-0.845,0.538,0.00
2.84573,-0.856,0.555,0.00
2.85589,-0.856,0.555,0.00
2.86605,-0.868,0.567,0.00
2.87621,-0.868,0.567,0.00
2.88693,-0.876,0.577,0.00
2.89709,-0.876,0.577,0.00
2.90835,-0.885,0.581,0.00
2.91852,-0.885,0.581,0.00
2.92912,-0.889,0.579,0.00
2.93932,-0.889,0.579,0.00
2.94948,-0.891,0.575,0.00
2.96114,-0.891,0.575,0.00
2.97131,-0.892,0.566,0.00
2.98146,-0.893,0.566,0.00
2.99168,-0.893,0.553,0.00
3.00182,-0.886,0.553,0.00
3.01197,-0.886,0.539,0.00
3.02212,-0.877,0.525,0.00
3.03228,-0.877,0.525,0.00
3.04254,-0.875,0.509,0.00
3.05279,-0.875,0.509,0.00
3.06321,-0.872,0.492,0.00
3.07351,-0.872,0.492,0.00
3.08392,-0.865,0.476,0.00
3.09427,-0.865,0.476,0.00
3.10480,-0.842,0.476,0.00
3.11518,-0.842,0.463,0.00
3.12552,-0.812,0.450,0.00
3.13584,-0.812,0.450,0.00
3.14600,-0.782,0.440,0.00
3.15618,-0.782,0.440,0.00
3.16635,-0.782,0.440,0.00
3.17651,-0.754,0.429,0.00
3.18666,-0.754,0.429,0.00
3.19681,-0.727,0.420,0.00
3.20727,-0.697,0.410,0.00
3.21782,-0.697,0.410,0.00
3.22818,-0.658,0.404,0.00
3.23844,-0.658,0.404,0.00
3.24861,-0.610,0.402,0.00
3.25896,-0.610,0.402,0.00
3.26936,-0.558,0.399,0.00
3.27980,-0.558,0.399,0.00
3.29016,-0.502,0.399,0.00
3.30031,-0.502,0.399,0.00
3.31047,-0.438,0.399,0.00
3.32062,-0.438,0.405,0.00
3.33077,-0.335,0.405,0.00
3.34092,-0.335,0.405,0.00
3.35106,-0.246,0.404,0.00
3.36136,-0.246,0.402,0.00
3.37167,-0.130,0.402,0.00
3.38194,-0.130,0.402,0.00
3.39227,0.117,0.402,0.00
3.40256,0.203,0.403,0.00
3.41287,0.203,0.403,0.00
3.42325,0.203,0.408,0.00
3.43342,0.330,0.408,0.00
3.44357,0.570,0.408,0.00
3.45375,0.570,0.415,0.00
3.46397,0.779,0.423,0.00
3.47428,0.779,0.423,0.00
3.48475,1.042,0.428,0.00
3.49493,1.042,0.428,0.00
3.50513,1.321,0.428,0.00
3.51529,1.321,0.428,0.00
3.52547,1.580,0.428,0.00
3.53563,1.580,0.428,0.00
3.54579,1.863,0.429,0.00
3.55594,1.863,0.429,0.00
3.56643,2.138,0.431,0.00
3.57663,2.138,0.431,0.00
3.58688,2.454,0.430,0.00
3.59699,2.454,0.430,0.00
3.60730,2.679,0.437,0.00
3.61889,2.679,0.437,0.00
3.62923,2.921,0.447,0.00
3.63944,2.921,0.447,0.00
3.64965,3.283,0.451,0.00
3.65981,3.283,0.451,0.00
3.66997,3.772,0.457,0.00
3.68013,3.772,0.457,0.00
3.69029,4.270,0.458,0.00
3.70045,4.270,0.458,0.00
3.71061,4.805,0.458,0.00
3.72077,4.805,0.458,0.00
3.73093,5.297,0.454,0.00
3.74108,5.806,0.454,0.00
3.75123,5.806,0.450,0.00
3.76139,6.403,0.448,0.00
3.77154,6.403,0.448,0.00
3.78171,7.055,0.444,0.00
3.79202,7.055,0.444,0.00
3.80236,7.754,0.441,0.00
3.81251,7.754,0.441,0.00
3.82281,7.754,0.441,0.00
3.83315,8.520,0.441,0.00
3.84449,8.520,0.435,0.00
3.85468,9.343,0.435,0.00
3.86495,9.343,0.435,0.00
3.87526,9.343,0.435,0.00
3.88641,9.343,0.435,0.00
3.90209,11.186,0.432,0.00
3.91275,12.179,0.426,0.00
3.92294,13.237,0.419,0.00
3.93438,13.237,0.419,10.00
3.94460,13.237,0.419,10.00
3.95476,14.342,0.396,10.00
3.98301,15.454,0.378,10.00
3.99337,16.580,0.363,10.00
4.01447,16.580,0.350,10.00
4.02476,17.705,0.340,10.00
4.04856,18.801,0.340,10.00
4.05921,19.833,0.334,10.00
4.07941,20.842,0.327,10.00
4.08974,21.845,0.326,10.00
4.09989,21.845,0.326,10.00
4.11035,22.787,0.326,10.00
4.12068,22.787,0.327,10.00
4.13074,23.655,0.333,10.00
4.14258,24.484,0.332,10.00
4.15289,24.484,0.332,10.00
4.16331,24.484,0.332,10.00
4.17525,25.244,0.328,10.00
4.18540,25.900,0.327,10.00
4.19561,25.900,0.327,10.00
4.20620,25.900,0.327,10.00
4.21664,26.473,0.414,10.00
4.22682,26.473,0.414,10.00
4.25429,26.961,0.641,10.00
4.26461,27.346,0.641,10.00
4.28687,27.818,1.075,10.00
4.29724,27.818,1.075,10.00
4.31885,27.884,1.376,10.00
4.32922,27.843,1.748,10.00
4.35060,27.843,2.081,10.00
4.36187,27.723,2.081,10.00
4.38436,27.266,2.917,10.00
4.39477,27.266,2.917,10.00
4.41487,27.266,2.917,10.00
4.42504,27.266,2.917,10.00
4.43522,27.266,2.917,10.00
4.44690,25.902,4.527,10.00
4.45707,25.902,4.527,10.00
4.46749,25.308,5.171,10.00
4.47877,25.308,5.171,10.00
4.48935,24.660,5.858,10.00
4.49986,24.660,5.858,10.00
4.52688,23.973,6.608,10.00
4.53722,23.973,6.608,10.00
4.56062,23.973,6.608,10.00
4.57080,23.234,7.224,10.00
4.59532,20.802,7.768,10.00
4.60586,19.942,8.624,10.00
4.62240,19.942,8.960,10.00
4.63275,19.066,9.282,10.00
4.65408,19.066,9.282,10.00
4.66458,18.180,9.618,10.00
4.67474,17.272,9.913,10.00
4.68788,16.343,10.176,10.00
4.69811,16.343,10.176,10.00
4.70844,16.343,10.453,10.00
4.72071,15.425,10.453,10.00
4.73108,14.530,10.968,10.00
4.74145,14.530,10.968,10.00
4.75161,13.606,11.582,10.00
4.76176,12.666,12.265,10.00
4.77191,12.666,12.265,10.00
4.78304,11.774,12.265,10.00
4.79338,11.774,12.962,10.00
4.80372,10.931,12.962,10.00
4.82993,10.931,13.667,10.00
4.84012,10.092,14.358,10.00
4.86242,10.092,14.836,10.00
4.87276,8.444,15.119,10.00
4.89388,8.444,15.119,10.50
4.90478,6.873,15.275,10.50
4.91518,6.873,15.351,10.50
4.92656,6.169,15.351,10.50
4.93842,6.169,15.396,10.50
4.94864,6.169,15.396,10.50
4.95928,5.492,15.412,10.50
4.96986,5.492,15.412,10.50
4.98001,4.848,15.426,10.50
4.99060,4.254,15.454,10.50
5.00078,4.254,15.454,10.50
5.01094,4.254,15.454,10.50
5.02319,3.743,15.510,10.50
5.03338,3.345,15.599,10.50
5.04354,3.345,15.599,10.50
5.07476,2.954,15.865,10.50
5.08505,2.582,15.865,10.50
5.10239,2.582,16.152,10.50
5.11282,2.137,16.152,10.50
5.13423,1.970,16.152,10.50
5.14464,1.805,16.280,10.50
5.15574,1.805,16.406,10.50
5.16854,1.649,16.510,10.50
5.17905,1.649,16.510,10.50
5.18950,1.504,16.631,10.50
5.19966,1.504,16.631,10.50
5.21222,1.384,16.771,10.50
5.22286,1.384,16.771,10.50
5.23301,1.265,16.930,10.50
5.24321,1.265,16.930,10.50
5.25333,1.157,17.095,10.50
5.26347,1.070,17.271,10.50
5.27362,1.070,17.271,10.50
5.28390,0.991,17.459,10.50
5.31105,0.991,17.459,10.50
5.32127,0.915,17.665,10.50
5.34277,0.839,18.034,10.50
5.35293,0.839,18.034,10.50
5.37461,0.818,18.034,10.50
5.38479,0.818,18.221,10.50
5.40690,0.756,18.578,10.50
5.41715,0.756,18.578,10.50
5.43790,0.722,18.748,10.50
5.44816,0.722,18.748,10.50
5.45839,0.672,18.919,10.50
5.47070,0.609,19.100,10.50
5.48099,0.538,19.243,10.50
5.49116,0.538,19.243,10.50
5.50264,0.538,19.243,10.50
5.51283,0.483,19.243,10.50
5.52386,0.483,19.370,10.50
5.53555,0.435,19.491,10.50
5.54573,0.394,19.594,10.50
5.55589,0.394,19.594,10.50
5.56606,0.394,19.594,10.50
5.57633,0.347,19.685,10.50
5.58649,0.299,19.753,10.50
5.61481,0.255,19.812,10.50
5.62509,0.255,19.812,10.50
5.64780,0.204,19.867,10.50
5.65807,0.159,19.904,10.50
5.67815,0.159,19.904,10.50
5.68853,0.088,19.963,10.50
5.71141,0.068,19.988,10.50
5.72175,0.068,19.988,10.50
5.74523,0.056,20.005,10.50
5.75539,0.060,20.023,10.50
5.76554,0.060,20.023,10.50
5.77568,0.060,20.023,10.50
5.78598,0.060,20.023,10.50
5.79661,0.066,20.033,10.50
5.80677,0.084,20.037,10.50
5.81701,0.084,20.037,10.50
5.82731,0.084,20.037,10.50
5.83868,0.084,20.037,10.50
5.84896,0.084,20.037,10.50
5.85916,0.084,20.037,10.50
5.88639,0.100,20.035,10.50
5.89672,0.106,20.040,10.50
5.91860,0.124,20.056,10.50
5.92911,0.128,20.061,10.50
5.95083,0.129,20.071,10.50
5.96107,0.129,20.071,10.50
5.98448,0.126,20.079,10.50
5.99474,0.118,20.087,10.50
6.01426,0.118,20.100,10.50
6.02523,0.115,20.100,10.50
6.03564,0.111,20.116,10.50
6.04597,0.111,20.116,10.50
6.05613,0.101,20.135,10.50
6.06629,0.101,20.135,10.50
6.07875,0.086,20.151,10.50
6.08895,0.072,20.172,10.50
6.09942,0.072,20.172,10.50
6.11007,0.071,20.172,10.50
6.12107,0.071,20.196,10.50
6.13132,0.072,20.216,10.50
6.14266,0.072,20.216,10.50
6.15298,0.074,20.237,10.50
6.16360,0.074,20.237,10.50
6.17456,0.071,20.254,10.50
6.18477,0.071,20.254,10.50
6.19495,0.066,20.272,10.50
6.22360,0.056,20.291,10.50
6.23384,0.050,20.304,10.50
6.25403,0.050,20.304,10.50
6.26475,0.048,20.324,10.50
6.28827,0.040,20.348,10.50
6.29846,0.038,20.368,10.50
6.31810,0.031,20.393,10.50
6.32828,0.022,20.413,10.50
6.33844,0.022,20.413,10.50
6.34865,0.019,20.441,0.00
6.35882,0.019,20.441,0.00
6.36938,0.015,20.461,0.00
6.37953,0.015,20.461,0.00
6.38981,0.016,20.474,0.00
6.39997,0.016,20.474,0.00
6.41064,0.009,20.486,0.00
6.42090,0.009,20.497,0.00
6.43101,-0.011,20.497,0.00
6.44117,-0.011,20.497,0.00
6.45134,-0.073,20.515,0.00
6.46262,-0.073,20.515,0.00
6.47279,-0.208,20.533,0.00
6.48347,-0.208,20.533,0.00
6.49379,-0.410,20.554,0.00
6.50395,-0.410,20.554,0.00
6.51411,-0.621,20.571,0.00
6.52428,-0.621,20.571,0.00
6.53443,-0.792,20.585,0.00
6.54459,-0.792,20.585,0.00
6.55475,-0.939,20.595,0.00
6.56491,-0.939,20.595,0.00
6.57507,-1.070,20.599,0.00
6.58524,-1.070,20.603,0.00
6.59540,-1.155,20.603,0.00
6.60571,-1.155,20.614,0.00
6.61588,-1.230,20.614,0.00
6.62690,-1.335,20.623,0.00
6.63710,-1.335,20.623,0.00
6.64731,-1.335,20.593,0.00
6.65747,-1.436,20.593,0.00
6.66763,-1.436,20.464,0.00
6.67798,-1.513,20.464,0.00
6.68820,-1.472,20.151,0.00
6.69837,-1.472,20.151,0.00
6.70853,-1.575,19.584,0.00
6.71870,-1.575,19.584,0.00
6.72889,-1.631,18.790,0.00
6.73912,-1.631,18.790,0.00
6.74927,-1.686,17.919,0.00
6.75943,-1.686,17.919,0.00
6.76976,-1.686,17.919,0.00
6.78000,-1.686,17.919,0.00
6.79066,-1.686,17.919,0.00
6.80082,-1.722,16.142,0.00
6.81098,-1.713,15.373,0.00
6.82114,-1.713,15.373,0.00
6.83152,-1.713,15.373,0.00
6.84207,-1.713,15.373,0.00
6.85277,-1.713,15.373,0.00
6.86296,-1.670,15.373,0.00
6.87313,-1.501,14.651,0.00
6.88360,-1.501,14.012,0.00
6.89415,-1.501,14.012,0.00
6.90454,-1.478,14.012,0.00
6.91469,-1.385,13.056,0.00
6.92486,-1.303,12.684,0.00
6.93511,-1.190,12.249,0.00
6.94566,-1.190,12.249,0.00
6.95571,-1.075,11.901,0.00
6.96588,-1.075,11.901,0.00
6.97605,-0.970,11.516,0.00
6.98620,-0.970,11.516,0.00
6.99636,-0.886,11.148,0.00
7.00657,-0.886,10.752,0.00
7.01667,-0.810,10.752,0.00
7.02692,-0.754,10.350,0.00
7.03727,-0.754,10.350,0.00
7.04744,-0.704,9.884,0.00
7.05767,-0.704,9.884,0.00
7.06783,-0.663,9.463,0.00
7.07799,-0.663,9.463,0.00
7.08860,-0.663,9.463,0.00
7.09876,-0.622,8.968,0.00
7.10898,-0.576,8.552,0.00
7.12079,-0.576,8.552,0.00
7.13095,-0.538,8.180,0.00
7.14111,-0.538,8.180,0.00
7.15127,-0.538,8.180,0.00
7.16143,-0.538,8.180,0.00
7.17158,-0.513,7.898,0.00
7.18234,-0.510,7.651,0.00
7.19258,-0.531,7.384,0.00
7.20291,-0.567,7.213,0.00
7.21326,-0.567,7.213,0.00
7.22367,-0.610,7.078,0.00
7.23402,-0.610,7.078,0.00
7.24431,-0.610,7.005,0.00
7.25460,-0.663,7.005,0.00
7.26476,-0.663,7.011,0.00
7.27493,-0.717,7.011,0.00
7.28509,-0.717,7.011,0.00
7.29556,-0.717,7.076,0.00
7.30597,-0.773,7.167,0.00
7.31646,-0.823,7.167,0.00
7.32755,-0.862,7.280,0.00
7.33766,-0.862,7.280,0.00
7.34781,-0.896,7.412,0.00
7.35798,-0.896,7.412,0.00
7.36815,-0.896,7.412,0.00
7.37831,-0.926,7.540,0.00
7.38847,-0.949,7.653,0.00
7.39863,-0.949,7.653,0.00
7.40890,-0.949,7.653,0.00
7.41907,-0.973,7.766,0.00
7.42932,-0.993,7.848,0.00
7.43947,-0.993,7.848,0.00
7.44968,-1.007,7.936,0.00
7.45984,-1.007,7.936,0.00
7.47025,-1.016,8.012,0.00
7.48040,-1.016,8.012,0.00
7.49056,-1.017,8.071,0.00
7.50077,-1.017,8.071,0.00
7.51093,-1.014,8.127,0.00
7.52107,-1.000,8.193,0.00
7.53123,-1.000,8.193,0.00
7.54168,-0.977,8.193,0.00
7.55185,-0.977,8.246,0.00
7.56218,-0.977,8.246,0.00
7.57234,-0.949,8.254,0.00
7.58250,-0.949,8.254,0.00
7.59265,-0.926,8.239,0.00
7.60342,-0.926,8.239,0.00
7.61398,-0.905,8.217,0.00
7.62414,-0.905,8.187,0.00
7.63431,-0.879,8.187,0.00
7.64447,-0.879,8.187,0.00
7.65463,-0.855,8.151,0.00
7.66479,-0.835,8.116,0.00
7.67497,-0.835,8.116,0.00
7.68554,-0.823,8.086,0.00
7.69572,-0.823,8.086,0.00
7.70588,-0.819,8.063,0.00
7.71603,-0.819,8.063,0.00
7.72617,-0.819,8.045,0.00
7.73637,-0.819,8.045,0.00
7.74653,-0.822,8.045,0.00
7.75668,-0.822,8.036,0.00
7.76684,-0.832,8.036,0.00
7.77700,-0.832,8.036,0.00
7.78734,-0.848,8.038,0.00
7.79778,-0.848,8.038,0.00
7.80801,-0.868,8.039,0.00
7.81841,-0.868,8.039,0.00
7.82878,-0.888,8.039,0.00
7.83925,-0.888,8.039,0.00
7.85370,-0.913,8.044,0.00
7.86431,-0.913,8.044,0.00
7.87570,-0.937,8.048,0.00
7.88719,-0.937,8.048,0.00
7.90452,-0.957,8.052,0.00
7.92200,-0.977,8.055,0.00
7.93312,-0.997,8.055,0.00
7.94530,-0.997,8.055,0.00
7.95743,-1.016,8.054,0.00
7.97502,-1.031,8.055,0.00
7.98627,-1.031,8.055,0.00
7.99888,-1.044,8.055,0.00
8.01067,-1.044,8.055,0.00
8.02228,-1.044,8.055,0.00
8.03565,-1.053,8.057,0.00
8.04820,-1.067,8.063,0.00
8.05845,-1.067,8.063,0.00
8.06968,-1.075,8.063,0.00
8.08030,-1.075,8.063,0.00
8.09112,-1.075,8.066,0.00
8.10153,-1.084,8.066,0.00
8.11193,-1.084,8.063,0.00
8.12234,-1.084,8.063,0.00
8.13277,-1.084,8.066,0.00
8.14360,-1.084,8.068,0.00
8.15392,-1.084,8.068,0.00
8.16422,-1.080,8.068,0.00
8.17701,-1.080,8.067,0.00
8.18724,-1.080,8.067,0.00
8.19768,-1.080,8.066,0.00
8.20799,-1.074,8.066,0.00
8.22078,-1.074,8.066,0.00
8.23670,-1.073,8.063,0.00
8.24688,-1.069,8.063,0.00
8.25727,-1.069,8.059,0.00
8.26866,-1.067,8.059,0.00
8.28224,-1.067,8.057,0.00
8.29386,-1.062,8.058,0.00
8.30517,-1.062,8.059,0.00
8.31568,-1.054,8.059,0.00
8.32739,-1.050,8.059,0.00
8.34775,-1.050,8.061,0.00
8.36083,-1.051,8.066,0.00
8.37204,-1.048,8.071,0.00
8.38249,-1.036,8.074,0.00
8.40111,-1.036,8.074,0.00
8.41785,-1.017,8.076,0.00
8.42834,-0.997,8.076,0.00
8.43926,-0.997,8.076,0.00
8.45535,-0.980,8.076,0.00
8.46780,-0.980,8.074,0.00
8.47909,-0.965,8.074,0.00
8.50101,-0.954,8.067,0.00
8.51143,-0.944,8.067,0.00
8.52241,-0.933,8.060,0.00
8.53309,-0.933,8.060,0.00
8.54439,-0.933,8.060,0.00
8.55555,-0.925,8.054,0.00
8.56724,-0.925,8.054,0.00
8.57833,-0.915,8.049,0.00
8.58942,-0.902,8.049,0.00
8.59978,-0.902,8.038,0.00
8.61015,-0.903,8.038,0.00
8.62056,-0.903,8.035,0.00
8.63129,-0.904,8.024,0.00
8.64194,-0.903,8.012,0.00
8.65266,-0.903,8.012,0.00
8.66386,-0.900,7.998,0.00
8.67438,-0.900,7.998,0.00
8.68525,-0.900,7.998,0.00
8.69548,-0.903,7.986,0.00
8.70596,-0.905,7.976,0.00
8.71622,-0.905,7.976,0.00
8.72649,-0.905,7.976,0.00
8.73689,-0.905,7.972,0.00
8.74732,-0.916,7.972,0.00
8.75745,-0.916,7.969,0.00
8.76886,-0.916,7.969,0.00
8.77934,-0.923,7.969,0.00
8.79012,-0.923,7.969,0.00
8.80043,-0.929,7.969,0.00
8.81085,-0.929,7.962,0.00
8.82153,-0.934,7.962,0.00
8.83249,-0.938,7.962,0.00
8.84444,-0.938,7.962,0.00
8.89651,-0.938,7.962,0.00
8.90846,-0.949,7.978,0.00
8.95806,-0.949,7.978,0.00
8.96828,-0.982,8.011,0.00
8.97917,-0.016,-0.044,0.00
8.98934,-0.024,-0.037,0.00
8.99949,-0.024,-0.037,0.00
9.00969,-0.029,-0.031,0.00
9.01996,-0.029,-0.031,0.00
9.03012,-0.033,-0.025,0.00
9.04041,-0.033,-0.025,0.00
9.05050,-0.033,-0.025,0.00
9.06064,-0.033,-0.025,0.00
9.07085,-0.033,-0.025,0.00
9.08121,-0.031,-0.022,0.00
9.09137,-0.026,-0.017,0.00
9.10204,-0.025,-0.013,0.00
9.11220,-0.025,-0.013,0.00
9.12237,-0.027,-0.008,0.00
9.13309,-0.027,-0.008,0.00
9.14345,-0.032,-0.001,0.00
9.15363,-0.032,-0.001,0.00
9.16384,-0.032,-0.001,0.00
9.17407,-0.032,-0.001,0.00
9.18623,-0.024,0.004,0.00
9.19639,-0.010,0.011,0.00
9.20654,0.005,0.019,0.00
9.21684,0.016,0.025,0.00
9.22699,0.016,0.027,0.00
9.23714,0.027,0.027,0.00
9.24729,0.035,0.027,0.00
9.25744,0.035,0.027,0.00
9.26823,0.042,0.033,0.00
9.28081,0.042,0.033,0.00
9.29112,0.050,0.038,0.00
9.30128,0.050,0.044,0.00
9.31281,0.058,0.044,0.00
9.32297,0.058,0.044,0.00
9.33314,0.066,0.050,0.00
9.34384,0.066,0.050,0.00
9.35399,0.074,0.058,0.00
9.36415,0.074,0.058,0.00
9.37446,0.074,0.071,0.00
9.38591,0.073,0.071,0.00
9.39634,0.073,0.075,0.00
9.40650,0.077,0.082,0.00
9.41666,0.077,0.082,0.00
9.42681,0.081,0.086,0.00
9.43696,0.081,0.086,0.00
9.44718,0.080,0.092,0.00
9.45728,0.080,0.092,0.00
9.46799,0.078,0.101,0.00
9.47814,0.078,0.101,0.00
9.48837,0.078,0.101,0.00
9.49853,0.076,0.109,0.00
9.50915,0.073,0.121,0.00
9.52022,0.073,0.121,0.00
9.53050,0.068,0.132,0.00
9.54097,0.068,0.132,0.00
9.55113,0.064,0.142,0.00
9.56127,0.064,0.142,0.00
9.57142,0.060,0.151,0.00
9.58188,0.060,0.151,0.00
9.59267,0.060,0.162,0.00
9.60281,0.057,0.162,0.00
9.61301,0.057,0.172,0.00
9.62340,0.057,0.182,0.00
9.63355,0.060,0.182,0.00
9.64372,0.063,0.182,0.00
9.65388,0.063,0.196,0.00
9.66403,0.063,0.196,0.00
9.67425,0.063,0.209,0.00
9.68445,0.063,0.209,0.00
9.69461,0.063,0.223,0.00
9.70476,0.056,0.235,0.00
9.71516,0.056,0.235,0.00
9.72547,0.056,0.235,0.00
9.73582,0.051,0.246,0.00
9.74595,0.047,0.246,0.00
9.75611,0.047,0.255,0.00
9.76627,0.048,0.264,0.00
9.77654,0.048,0.264,0.00
9.78670,0.048,0.264,0.00
9.79773,0.050,0.270,0.00
9.80769,0.050,0.270,0.00
9.81785,0.047,0.275,0.00
9.82802,0.046,0.279,0.00
9.83822,0.046,0.279,0.00
9.84837,0.050,0.284,0.00
9.85849,0.050,0.284,0.00
9.86888,0.050,0.290,0.00
9.88004,0.050,0.290,0.00
9.89011,0.049,0.299,0.00
9.90130,0.049,0.299,0.00
9.91165,0.041,0.307,0.00
9.92222,0.041,0.307,0.00
9.93238,0.045,0.318,0.00
9.94361,0.045,0.318,0.00
9.95472,0.057,0.330,0.00
9.96489,0.064,0.330,0.00
9.97534,0.064,0.338,0.00
9.98551,0.066,0.338,0.00
9.99567,0.066,0.347,0.00
10.00649,0.064,0.358,0.00
10.01665,0.064,0.358,0.00
10.02681,0.064,0.358,0.00
10.03697,0.062,0.368,0.00
10.04769,0.062,0.368,0.00
10.05790,0.061,0.381,0.00
10.06806,0.059,0.393,0.00
10.07873,0.059,0.393,0.00
10.08891,0.056,0.403,0.00
10.09906,0.056,0.403,0.00
10.10921,0.053,0.409,0.00
10.12014,0.053,0.409,0.00
10.13049,0.053,0.416,0.00
10.14064,0.053,0.416,0.00
10.15192,0.053,0.416,0.00
10.16228,0.044,0.428,0.00
10.17286,0.038,0.434,0.00
10.18341,0.038,0.434,0.00
10.19351,0.041,0.440,0.00
10.20387,0.050,0.443,0.00
10.21403,0.050,0.443,0.00
10.22421,0.050,0.443,0.00
10.23439,0.069,0.446,0.00
10.24455,0.105,0.449,0.00
10.25494,0.105,0.449,0.00
10.26509,0.186,0.452,0.00
10.27524,0.186,0.452,0.00
10.28546,0.255,0.454,0.00
10.29561,0.255,0.454,0.00
10.30595,0.326,0.455,0.00
10.31611,0.326,0.455,0.00
10.32628,0.461,0.455,0.00
10.33644,0.461,0.456,0.00
10.34659,0.461,0.456,0.00
10.35676,0.702,0.452,0.00
10.36693,0.702,0.452,0.00
10.37730,0.901,0.450,0.00
10.38761,1.348,0.445,0.00
10.39776,1.348,0.445,0.00
10.40800,1.912,0.440,0.00
10.41816,1.912,0.440,0.00
10.42832,1.912,0.440,0.00
10.43848,1.912,0.440,0.00
10.44865,1.912,0.440,0.00
10.45921,2.320,0.437,0.00
10.46950,2.320,0.437,0.00
10.47966,2.320,0.435,0.00
10.49003,3.318,0.434,0.00
10.50019,3.851,0.434,0.00
10.51035,4.434,0.434,0.00
10.52049,4.434,0.434,0.00
10.53065,5.069,0.435,0.00
10.54081,5.069,0.435,0.00
10.55097,5.751,0.444,0.00
10.56113,6.514,0.444,0.00
10.57127,6.514,0.454,0.00
10.58144,6.514,0.454,0.00
10.59159,7.343,0.461,0.00
10.60179,7.343,0.461,0.00
10.61195,8.231,0.465,0.00
10.62254,8.231,0.465,0.00
10.63271,9.186,0.484,0.00
10.64291,9.186,0.484,0.00
10.65469,10.174,0.502,0.00
10.66486,10.174,0.513,0.00
10.67606,11.158,0.513,0.00
10.68810,12.122,0.522,10.00
10.69824,12.122,0.522,10.00
10.70842,13.090,0.523,10.00
10.73604,14.036,0.533,10.00
10.74627,14.036,0.533,10.00
10.76593,14.937,0.550,10.00
10.77612,15.816,0.570,10.00
10.80050,15.816,0.570,10.00
10.81068,17.371,0.589,10.00
10.83006,17.371,0.589,10.00
10.84023,18.105,0.595,10.00
10.85039,18.105,0.595,10.00
10.86292,18.729,0.606,10.00
10.87311,19.243,0.623,10.00
10.88333,19.243,0.623,10.00
10.89452,19.661,0.640,10.00
10.90491,19.661,0.657,10.00
10.91507,19.970,0.657,10.00
10.92668,19.970,0.671,10.00
10.93701,20.158,0.671,10.00
10.94764,20.244,0.702,10.00
10.95841,20.244,0.702,10.00
10.96904,20.238,0.864,10.00
10.97924,20.238,0.864,10.00
11.00842,20.129,1.063,10.50
11.01880,19.927,1.314,10.50
11.03879,19.652,1.736,10.50
11.04891,19.313,2.169,10.50
11.07131,18.882,2.610,10.50
11.08187,18.882,2.610,10.50
11.10337,18.347,3.073,10.50
11.11367,17.705,3.500,10.50
11.13400,17.705,3.500,10.50
11.14419,16.181,3.937,10.50
11.15435,16.181,4.442,10.50
11.16741,15.332,4.442,10.50
11.17786,15.332,4.958,10.50
11.18804,14.410,5.482,10.50
11.19972,14.410,5.482,10.50
11.21021,13.457,5.998,10.50
11.22039,13.457,5.998,10.50
11.23219,12.521,6.456,11.00
11.24263,11.586,6.456,11.00
11.25282,11.586,6.859,11.00
11.26298,10.632,7.232,11.00
11.27314,10.632,7.232,11.00
11.28348,10.632,7.232,11.00
11.31046,8.660,7.596,11.00
11.32065,8.660,7.995,11.00
11.34330,7.679,8.360,11.00
11.35533,7.679,8.360,11.00
11.37403,7.679,8.360,11.00
11.38420,5.822,9.134,11.00
11.40812,4.283,9.992,11.50
11.41829,4.283,9.992,11.50
11.43787,4.283,9.992,11.50
11.44809,3.114,10.849,11.50
11.45840,3.114,10.849,11.50
11.47093,2.576,11.415,11.50
11.48216,2.576,11.415,11.50
11.49251,2.155,11.929,11.50
11.50268,2.155,11.929,11.50
11.51290,1.830,12.455,11.50
11.52304,1.830,12.455,11.50
11.53425,1.575,12.993,11.50
11.54441,1.575,12.993,11.50
11.55456,1.399,13.503,11.50
11.58211,1.399,13.503,12.00
11.59235,1.185,14.485,12.00
11.61399,1.185,14.485,12.00
11.62418,1.032,15.379,12.00
11.64679,1.032,15.379,12.00
11.65712,0.944,15.698,12.00
11.67869,0.865,15.996,12.00
11.68907,0.800,16.225,12.00
11.71002,0.800,16.225,12.50
11.72042,0.775,16.388,12.50
11.73125,0.776,16.537,12.50
11.74650,0.776,16.537,12.50
11.75667,0.803,16.690,12.50
11.77446,0.803,16.690,12.50
11.78462,0.851,16.865,12.50
11.79477,0.896,17.088,12.50
11.80767,0.896,17.302,12.50
11.81786,0.957,17.302,12.50
11.82835,0.998,17.517,12.50
11.83851,0.998,17.517,12.50
11.84876,1.028,17.740,12.50
11.85892,1.028,17.740,12.50
11.88653,1.039,18.183,13.00
11.89688,1.039,18.183,13.00
11.91899,1.054,18.183,13.00
11.93014,1.076,18.703,13.00
11.95270,1.100,19.116,13.00
11.96294,1.116,19.563,13.00
11.98337,1.121,19.563,13.00
11.99367,1.121,20.070,13.00
12.01381,1.121,20.070,13.00
12.02400,1.116,20.571,13.00
12.03416,1.100,21.054,13.00
12.04650,1.100,21.054,13.50
12.05672,1.078,21.424,13.50
12.06688,1.078,21.705,13.50
12.07931,1.046,21.705,13.50
12.08989,1.010,21.951,13.50
12.10011,1.010,21.951,13.50
12.11034,1.010,21.951,13.50
12.12049,0.983,22.156,13.50
12.13064,0.958,22.339,13.50
12.14258,0.958,22.339,13.50
12.15275,0.944,22.533,13.50
12.16291,0.944,22.533,13.50
12.19119,0.926,22.936,13.50
12.20143,0.926,22.936,13.50
12.22185,0.926,22.936,13.50
12.23202,0.886,23.322,13.50
12.24224,0.886,23.322,13.50
12.25481,0.870,23.516,13.50
12.26498,0.865,23.732,13.50
12.27581,0.865,23.732,13.50
12.28679,0.875,23.732,14.00
12.29705,0.875,23.941,14.00
12.30725,0.890,23.941,14.00
12.31819,0.890,24.172,14.00
12.32859,0.907,24.430,14.00
12.33879,0.907,24.430,14.00
12.35031,0.907,24.430,14.00
12.36062,0.907,24.430,14.00
12.37133,0.921,24.758,14.00
12.39826,0.925,25.494,14.00
12.40865,0.926,25.834,14.00
12.43041,0.920,25.834,14.00
12.44088,0.917,26.104,14.00
12.46358,0.917,26.265,14.00
12.47376,0.912,26.360,14.00
12.49381,0.912,26.360,14.00
12.50406,0.907,26.431,14.00
12.52823,0.910,26.541,14.00
12.53844,0.910,26.541,14.00
12.54867,0.916,26.633,14.00
12.55885,0.916,26.633,14.00
12.56993,0.917,26.729,14.00
12.58019,0.917,26.729,14.00
12.59083,0.917,26.854,14.00
12.60168,0.904,26.854,14.00
12.61183,0.883,26.965,14.00
12.62237,0.866,26.965,14.00
12.63255,0.866,27.080,14.00
12.64271,0.866,27.080,14.00
12.65477,0.850,27.182,14.00
12.66512,0.850,27.182,14.00
12.67901,0.850,27.182,14.00
12.70457,0.843,27.274,14.00
12.71471,0.840,27.453,14.00
12.73435,0.840,27.584,14.00
12.74454,0.841,27.584,14.00
12.76647,0.820,27.584,14.00
12.77679,0.820,28.090,14.00
12.79887,0.804,28.357,14.00
12.80915,0.782,28.538,14.00
12.83433,0.782,28.649,14.00
12.84455,0.741,28.649,14.00
12.86274,0.741,28.739,14.00
12.87330,0.725,28.811,14.00
12.88359,0.715,28.887,14.00
12.89539,0.715,28.887,14.00
12.90584,0.701,28.984,14.00
12.91601,0.701,28.984,14.00
12.92619,0.695,28.984,14.00
12.93658,0.695,29.121,14.00
12.94745,0.682,29.226,14.00
12.95869,0.682,29.226,14.00
12.96924,0.670,29.327,14.00
12.97956,0.670,29.327,14.00
13.00665,0.647,29.463,14.00
13.01691,0.647,29.463,14.00
13.04057,0.656,29.516,14.00
13.05073,0.668,29.541,14.00
13.07711,0.688,29.541,14.00
13.08731,0.702,29.596,14.00
13.09770,0.702,29.596,0.00
13.10862,0.711,29.606,0.00
13.11885,0.711,29.606,0.00
13.12915,0.723,29.617,0.00
13.13932,0.723,29.617,0.00
13.14948,0.736,29.617,0.00
13.16012,0.736,29.617,0.00
13.17029,0.733,29.623,0.00
13.18046,0.683,29.623,0.00
13.19083,0.683,29.624,0.00
13.20115,0.683,29.624,0.00
13.21131,0.569,29.624,0.00
13.22146,0.368,29.625,0.00
13.23173,0.368,29.635,0.00
13.24189,0.102,29.635,0.00
13.25207,0.102,29.629,0.00
13.26230,0.102,29.629,0.00
13.27246,-0.154,29.636,0.00
13.28263,-0.358,29.631,0.00
13.29278,-0.358,29.631,0.00
13.30298,-0.358,29.631,0.00
13.31313,-0.516,29.630,0.00
13.32335,-0.516,29.630,0.00
13.33351,-0.588,29.640,0.00
13.34366,-0.631,29.638,0.00
13.35381,-0.631,29.638,0.00
13.36396,-0.677,29.656,0.00
13.37426,-0.677,29.656,0.00
13.38441,-0.719,29.656,0.00
13.39456,-0.719,29.648,0.00
13.40471,-0.754,29.648,0.00
13.41493,-0.754,29.534,0.00
13.42525,-0.813,29.534,0.00
13.43558,-0.813,29.263,0.00
13.44605,-0.813,29.263,0.00
13.45631,-0.902,28.704,0.00
13.46714,-0.975,27.853,0.00
13.47774,-0.975,27.853,0.00
13.48802,-1.008,26.904,0.00
13.49846,-1.008,26.904,0.00
13.50876,-1.006,26.000,0.00
13.51909,-1.006,26.000,0.00
13.53017,-0.973,25.180,0.00
13.54046,-0.973,25.180,0.00
13.55073,-0.915,24.410,0.00
13.56089,-0.915,24.410,0.00
13.57109,-0.841,23.579,0.00
13.58124,-0.841,22.933,0.00
13.59139,-0.759,22.933,0.00
13.60176,-0.759,22.380,0.00
13.61195,-0.675,22.380,0.00
13.62228,-0.675,21.874,0.00
13.63268,-0.601,21.874,0.00
13.64283,-0.539,21.874,0.00
13.65297,-0.539,21.320,0.00
13.66314,-0.494,21.320,0.00
13.67329,-0.494,20.722,0.00
13.68360,-0.494,20.722,0.00
13.69390,-0.445,20.128,0.00
13.70406,-0.388,20.128,0.00
13.71468,-0.388,19.652,0.00
13.72495,-0.321,19.204,0.00
13.73513,-0.321,19.204,0.00
13.74529,-0.252,19.204,0.00
13.75545,-0.252,18.834,0.00
13.76566,-0.174,18.422,0.00
13.77591,-0.174,18.422,0.00
13.78626,-0.101,17.980,0.00
13.79660,-0.101,17.980,0.00
13.80710,-0.039,17.980,0.00
13.81745,-0.039,17.542,0.00
13.82793,0.001,17.055,0.00
13.83820,0.001,17.055,0.00
13.84845,0.001,16.580,0.00
13.85868,0.025,16.580,0.00
13.86885,0.038,16.069,0.00
13.87901,0.038,16.069,0.00
13.88917,0.045,15.494,0.00
13.89939,0.045,15.494,0.00
13.90978,0.049,15.039,0.00
13.92002,0.049,15.039,0.00
13.93019,0.055,14.643,0.00
13.94036,0.055,14.319,0.00
13.95076,0.054,14.319,0.00
13.96168,0.054,14.319,0.00
13.97184,0.044,14.055,0.00
13.98206,0.044,14.055,0.00
13.99234,0.028,13.863,0.00
14.00249,0.028,13.863,0.00
14.01264,0.005,13.713,0.00
14.02280,0.005,13.713,0.00
14.03296,-0.028,13.602,0.00
14.04312,-0.072,13.602,0.00
14.05328,-0.072,13.495,0.00
14.06343,-0.124,13.495,0.00
14.07367,-0.124,13.405,0.00
14.08383,-0.180,13.329,0.00
14.09412,-0.180,13.329,0.00
14.10486,-0.180,13.329,0.00
14.11521,-0.240,13.274,0.00
14.12554,-0.298,13.236,0.00
14.13586,-0.298,13.236,0.00
14.14619,-0.355,13.211,0.00
14.15652,-0.355,13.211,0.00
14.16787,-0.405,13.187,0.00
14.17804,-0.405,13.187,0.00
14.18820,-0.445,13.149,0.00
14.19840,-0.445,13.149,0.00
14.20859,-0.474,13.101,0.00
14.21892,-0.474,13.101,0.00
14.22952,-0.489,13.059,0.00
14.23994,-0.489,13.059,0.00
14.25010,-0.516,13.011,0.00
14.26038,-0.516,13.011,0.00
14.27069,-0.526,12.962,0.00
14.28101,-0.526,12.923,0.00
14.29137,-0.537,12.923,0.00
14.30166,-0.537,12.923,0.00
14.31183,-0.519,12.885,0.00
14.32202,-0.519,12.885,0.00
14.33218,-0.519,12.885,0.00
14.34234,-0.519,12.885,0.00
14.35250,-0.499,12.849,0.00
14.36264,-0.499,12.849,0.00
14.37280,-0.475,12.804,0.00
14.38326,-0.451,12.740,0.00
14.39342,-0.444,12.678,0.00
14.40358,-0.444,12.611,0.00
14.41375,-0.434,12.611,0.00
14.42391,-0.421,12.542,0.00
14.43406,-0.421,12.542,0.00
14.44421,-0.420,12.481,0.00
14.45486,-0.420,12.481,0.00
14.46534,-0.420,12.481,0.00
14.47550,-0.404,12.410,0.00
14.48575,-0.413,12.339,0.00
14.49591,-0.413,12.339,0.00
14.50607,-0.387,12.269,0.00
14.51622,-0.387,12.269,0.00
14.52642,-0.379,12.196,0.00
14.53658,-0.379,12.196,0.00
14.54678,-0.354,12.146,0.00
14.55694,-0.354,12.146,0.00
14.56736,-0.340,12.102,0.00
14.57784,-0.340,12.102,0.00
14.58804,-0.333,12.066,0.00
14.60347,-0.320,12.052,0.00
14.61502,-0.320,12.052,0.00
14.62585,-0.320,12.052,0.00
14.64214,-0.320,12.052,0.00
14.65407,-0.320,12.052,0.00
14.66449,-0.305,12.007,0.00
14.67480,-0.299,12.007,0.00
14.68527,-0.299,11.984,0.00
14.69659,-0.295,11.968,0.00
14.70700,-0.286,11.968,0.00
14.71752,-0.286,11.963,0.00
14.72882,-0.286,11.968,0.00
14.73940,-0.283,11.968,0.00
14.75048,-0.283,11.968,0.00
14.76111,-0.283,11.979,0.00
14.77153,-0.283,11.979,0.00
14.78254,-0.283,11.986,0.00
14.79370,-0.276,11.986,0.00
14.81267,-0.268,11.992,0.00
14.82292,-0.268,11.992,0.00
14.83988,-0.268,11.992,0.00
14.85116,-0.276,11.992,0.00
14.87206,-0.276,12.015,0.00
14.88344,-0.285,12.043,0.00
14.89572,-0.302,12.043,0.00
14.90693,-0.321,12.069,0.00
14.91805,-0.321,12.102,0.00
14.93052,-0.341,12.143,0.00
14.94690,-0.364,12.189,0.00
14.95761,-0.364,12.189,0.00
14.96792,-0.382,12.234,0.00
14.97908,-0.382,12.234,0.00
14.99018,-0.382,12.279,0.00
15.00082,-0.424,12.279,0.00
15.01144,-0.424,12.320,0.00
15.02230,-0.443,12.320,0.00
15.03295,-0.443,12.357,0.00
15.04381,-0.443,12.357,0.00
15.06064,-0.460,12.386,0.00
15.07196,-0.460,12.386,0.00
15.08283,-0.483,12.417,0.00
15.09296,-0.483,12.447,0.00
15.10452,-0.483,12.447,0.00
15.11542,-0.492,12.473,0.00
15.12592,-0.502,12.473,0.00
15.13635,-0.502,12.491,0.00
15.14750,-0.508,12.491,0.00
15.16477,-0.508,12.501,0.00
15.18184,-0.507,12.494,0.00
15.19222,-0.507,12.494,0.00
15.20311,-0.509,12.494,0.00
15.21397,-0.509,12.486,0.00
15.22427,-0.509,12.472,0.00
15.24035,-0.509,12.472,0.00
15.25184,-0.497,12.453,0.00
15.26213,-0.497,12.430,0.00
15.27784,-0.480,12.430,0.00
15.28894,-0.466,12.430,0.00
15.29956,-0.466,12.401,0.00
15.31057,-0.466,12.370,0.00
15.32131,-0.450,12.340,0.00
15.33163,-0.450,12.340,0.00
15.34789,-0.447,12.305,0.00
15.35858,-0.447,12.305,0.00
15.36913,-0.448,12.305,0.00
15.38047,-0.448,12.274,0.00
15.39156,-0.452,12.247,0.00
15.40251,-0.452,12.216,0.00
15.41324,-0.455,12.216,0.00
15.42343,-0.455,12.216,0.00
15.43387,-0.450,12.216,0.00
15.44506,-0.446,12.188,0.00
15.45565,-0.446,12.161,0.00
15.46626,-0.448,12.161,0.00
15.48415,-0.448,12.141,0.00
15.50248,-0.441,12.091,0.00
15.51326,-0.441,12.091,0.00
15.52555,-0.441,12.091,0.00
15.53647,-0.437,12.070,0.00
15.54739,-0.434,12.057,0.00
15.55787,-0.434,12.057,0.00
15.56806,-0.434,12.051,0.00
15.57826,-0.437,12.051,0.00
15.59505,-0.437,12.053,0.00
15.66835,-0.437,12.102,0.00
15.67859,-0.496,12.102,0.00
15.74678,-0.694,12.184,0.00
15.75692,-0.694,12.184,0.00
15.76906,-0.694,12.208,0.00
15.77972,-0.303,0.020,0.00
15.79080,-0.357,0.051,0.00
15.80099,-0.357,0.051,0.00
15.81117,-0.409,0.087,0.00
15.82133,-0.409,0.087,0.00
15.83149,-0.461,0.130,0.00
15.84184,-0.461,0.130,0.00
15.85202,-0.509,0.170,0.00
15.86218,-0.509,0.170,0.00
15.87234,-0.551,0.211,0.00
15.88272,-0.586,0.252,0.00
15.89293,-0.586,0.252,0.00
15.90310,-0.607,0.291,0.00
15.91324,-0.607,0.291,0.00
15.92341,-0.628,0.324,0.00
15.93367,-0.628,0.324,0.00
15.94385,-0.645,0.349,0.00
15.95409,-0.645,0.349,0.00
15.96451,-0.645,0.369,0.00
15.97490,-0.645,0.369,0.00
15.98506,-0.625,0.369,0.00
15.99530,-0.625,0.391,0.00
16.00548,-0.593,0.391,0.00
16.01571,-0.593,0.412,0.00
16.02585,-0.551,0.435,0.00
16.03601,-0.551,0.435,0.00
16.04638,-0.508,0.451,0.00
16.05661,-0.508,0.451,0.00
16.06677,-0.466,0.459,0.00
16.07693,-0.466,0.459,0.00
16.08709,-0.424,0.459,0.00
16.09725,-0.424,0.459,0.00
16.10752,-0.381,0.453,0.00
16.11772,-0.381,0.453,0.00
16.12788,-0.339,0.445,0.00
16.13805,-0.339,0.445,0.00
16.14820,-0.296,0.434,0.00
16.15835,-0.296,0.434,0.00
16.16851,-0.248,0.417,0.00
16.17866,-0.248,0.417,0.00
16.18887,-0.211,0.400,0.00
16.19962,-0.211,0.383,0.00
16.20977,-0.179,0.383,0.00
16.21991,-0.179,0.383,0.00
16.23007,-0.148,0.364,0.00
16.24028,-0.148,0.364,0.00
16.25044,-0.124,0.343,0.00
16.26059,-0.124,0.343,0.00
16.27074,-0.124,0.343,0.00
16.28103,-0.124,0.343,0.00
16.29120,-0.112,0.321,0.00
16.30146,-0.106,0.299,0.00
16.31215,-0.102,0.277,0.00
16.32254,-0.102,0.277,0.00
16.33270,-0.102,0.247,0.00
16.34285,-0.101,0.220,0.00
16.35300,-0.101,0.220,0.00
16.36316,-0.098,0.196,0.00
16.37331,-0.098,0.196,0.00
16.38363,-0.098,0.196,0.00
16.39380,-0.091,0.176,0.00
16.40396,-0.083,0.163,0.00
16.41431,-0.083,0.163,0.00
16.42533,-0.076,0.146,0.00
16.43591,-0.076,0.146,0.00
16.44635,-0.067,0.124,0.00
16.45965,-0.067,0.124,0.00
16.46991,-0.064,0.110,0.00
16.48007,-0.064,0.094,0.00
16.49044,-0.065,0.094,0.00
16.50088,-0.065,0.085,0.00
16.51104,-0.068,0.085,0.00
16.52118,-0.074,0.085,0.00
16.53146,-0.074,0.080,0.00
16.54171,-0.082,0.080,0.00
16.55209,-0.082,0.084,0.00
16.56225,-0.082,0.084,0.00
16.57241,-0.093,0.095,0.00
16.58258,-0.093,0.095,0.00
16.59274,-0.109,0.108,0.00
16.60290,-0.109,0.108,0.00
16.61308,-0.135,0.115,0.00
16.62324,-0.135,0.115,0.00
16.63340,-0.161,0.119,0.00
16.64356,-0.196,0.118,0.00
16.65374,-0.196,0.118,0.00
16.66390,-0.238,0.118,0.00
16.67406,-0.238,0.114,0.00
16.68422,-0.289,0.110,0.00
16.69438,-0.289,0.110,0.00
16.70454,-0.337,0.106,0.00
16.71500,-0.337,0.106,0.00
16.72526,-0.367,0.105,0.00
16.73561,-0.367,0.105,0.00
16.74584,-0.387,0.103,0.00
16.75605,-0.387,0.103,0.00
16.76630,-0.406,0.104,0.00
16.77638,-0.406,0.104,0.00
16.78694,-0.418,0.107,0.00
16.79770,-0.418,0.107,0.00
16.80797,-0.424,0.102,0.00
16.81867,-0.424,0.102,0.00
16.82910,-0.425,0.095,0.00
16.83953,-0.425,0.095,0.00
16.85003,-0.425,0.095,0.00
16.86019,-0.419,0.088,0.00
16.87035,-0.419,0.088,0.00
16.88051,-0.408,0.083,0.00
16.89068,-0.391,0.086,0.00
16.90108,-0.391,0.086,0.00
16.91107,-0.366,0.094,0.00
16.92130,-0.366,0.094,0.00
16.93171,-0.341,0.107,0.00
16.94185,-0.316,0.127,0.00
16.95201,-0.316,0.127,0.00
16.96222,-0.316,0.127,0.00
16.97237,-0.289,0.157,0.00
16.98253,-0.262,0.184,0.00
16.99269,-0.262,0.184,0.00
17.00286,-0.236,0.211,0.00
17.01301,-0.236,0.211,0.00
17.02319,-0.210,0.241,0.00
17.03335,-0.210,0.241,0.00
17.04351,-0.187,0.274,0.00
17.05373,-0.187,0.274,0.00
17.06397,-0.165,0.308,0.00
17.07422,-0.165,0.308,0.00
17.08438,-0.145,0.341,0.00
17.09454,-0.145,0.341,0.00
17.10540,-0.127,0.368,0.00
17.11586,-0.127,0.368,0.00
17.12601,-0.107,0.368,0.00
17.13685,-0.107,0.394,0.00
17.14745,-0.086,0.411,0.00
17.15787,-0.086,0.411,0.00
17.16803,-0.067,0.424,0.00
17.17817,-0.067,0.424,0.00
17.18909,-0.046,0.427,0.00
17.19951,-0.046,0.427,0.00
17.20991,-0.022,0.433,0.00
17.22218,-0.003,0.434,0.00
17.23233,-0.003,0.434,0.00
17.24249,-0.003,0.434,0.00
17.25264,0.014,0.434,0.00
17.26280,0.014,0.434,0.00
17.27296,0.014,0.434,0.00
17.28312,0.040,0.428,0.00
17.29350,0.040,0.428,0.00
17.30366,0.040,0.428,0.00
17.31382,0.040,0.418,0.00
17.32509,0.060,0.410,0.00
17.33533,0.060,0.410,0.00
17.34619,0.060,0.410,0.00
17.35654,0.068,0.393,0.00
17.36670,0.073,0.379,0.00
17.37694,0.073,0.379,0.00
17.38711,0.075,0.357,0.00
17.39810,0.075,0.357,0.00
17.40825,0.078,0.344,0.00
17.41841,0.078,0.344,0.00
17.42896,0.078,0.344,0.00
17.43912,0.078,0.344,0.00
17.44928,0.074,0.332,0.00
17.45944,0.065,0.323,0.00
17.46975,0.049,0.316,0.00
17.48008,0.049,0.316,0.00
17.49025,0.037,0.314,0.00
17.50051,0.037,0.314,0.00
17.51072,0.035,0.310,0.00
17.52133,0.035,0.310,0.00
17.53283,0.034,0.309,0.00
17.54299,0.035,0.307,0.00
17.55331,0.035,0.307,0.00
17.56347,0.035,0.309,0.00
17.57363,0.035,0.309,0.00
17.58389,0.035,0.310,0.00
17.59415,0.030,0.310,0.00
17.60431,0.023,0.311,0.00
17.61446,0.023,0.311,0.00
17.62479,0.017,0.318,0.00
17.63497,0.017,0.318,0.00
17.64608,0.010,0.324,0.00
17.65624,0.010,0.324,0.00
17.66642,0.004,0.324,0.00
17.67659,0.004,0.324,0.00
17.68710,0.007,0.326,0.00
17.69734,0.007,0.326,0.00
17.70750,0.002,0.325,0.00
17.71773,0.002,0.325,0.00
17.72789,-0.001,0.320,0.00
17.73805,-0.001,0.320,0.00
17.74821,-0.008,0.317,0.00
17.75842,-0.008,0.317,0.00
17.76879,-0.016,0.313,0.00
17.77946,-0.024,0.312,0.00
17.78976,-0.024,0.312,0.00
17.80016,-0.024,0.312,0.00
17.81028,-0.030,0.317,0.00
17.82090,-0.030,0.317,0.00
17.83235,-0.040,0.327,0.00
17.84255,-0.050,0.327,0.00
17.85272,-0.050,0.327,0.00
17.86287,-0.060,0.322,0.00
17.87303,-0.060,0.322,0.00
17.88319,-0.071,0.311,0.00
17.89336,-0.071,0.311,0.00
17.90351,-0.085,0.297,0.00
17.91373,-0.085,0.297,0.00
17.92395,-0.104,0.282,0.00
17.93409,-0.104,0.282,0.00
17.94430,-0.104,0.261,0.00
17.95443,-0.125,0.261,0.00
17.96760,-0.140,0.235,0.00
17.97801,-0.140,0.235,0.00
17.98829,-0.154,0.217,0.00
18.00043,-0.154,0.217,0.00
18.01082,-0.166,0.194,0.00
18.02109,-0.177,0.194,0.00
18.03146,-0.177,0.169,0.00
18.04224,-0.177,0.169,0.00
18.05265,-0.188,0.149,0.00
18.06280,-0.200,0.149,0.00
18.07297,-0.200,0.132,0.00
18.08314,-0.200,0.113,0.00
18.09330,-0.213,0.113,0.00
18.10345,-0.213,0.094,0.00
18.11361,-0.222,0.094,0.00
18.12377,-0.222,0.094,0.00
18.13393,-0.232,0.076,0.00
18.14420,-0.232,0.076,0.00
18.15436,-0.241,0.058,0.00
18.16473,-0.250,0.039,0.00
18.17488,-0.250,0.039,0.00
18.18553,-0.255,0.018,0.00
18.19589,-0.255,0.018,0.00
18.20621,-0.263,-0.002,0.00
18.21638,-0.263,-0.002,0.00
18.22671,-0.271,-0.019,0.00
18.23690,-0.271,-0.019,0.00
18.24757,-0.282,-0.032,0.00
18.25805,-0.282,-0.032,0.00
18.26821,-0.280,-0.040,0.00
18.27862,-0.280,-0.040,0.00
18.28886,-0.273,-0.042,0.00
18.29956,-0.273,-0.042,0.00
18.30971,-0.264,-0.045,0.00
18.31987,-0.264,-0.045,0.00
18.33002,-0.253,-0.047,0.00
18.34018,-0.244,-0.047,0.00
18.35051,-0.244,-0.051,0.00
18.36063,-0.244,-0.058,0.00
18.37078,-0.240,-0.058,0.00
18.38094,-0.240,-0.058,0.00
18.39109,-0.234,-0.058,0.00
18.40126,-0.234,-0.058,0.00
18.41150,-0.228,-0.060,0.00
18.42171,-0.222,-0.060,0.00
18.43186,-0.222,-0.061,0.00
18.44210,-0.222,-0.061,0.00
18.45228,-0.211,-0.061,0.00
18.46244,-0.211,-0.061,0.00
18.47259,-0.203,-0.062,0.00
18.48275,-0.203,-0.062,0.00
18.49290,-0.203,-0.058,0.00
18.50306,-0.201,-0.059,0.00
18.51337,-0.201,-0.059,0.00
18.52352,-0.201,-0.061,0.00
18.53375,-0.198,-0.061,0.00
18.54390,-0.197,-0.059,0.00
18.55406,-0.197,-0.059,0.00
18.56422,-0.199,-0.052,0.00
18.57438,-0.199,-0.052,0.00
18.58453,-0.200,-0.038,0.00
18.59469,-0.200,-0.038,0.00
18.60529,-0.201,-0.029,0.00
18.61545,-0.201,-0.029,0.00
18.62608,-0.206,-0.017,0.00
18.63650,-0.206,-0.017,0.00
18.64659,-0.213,-0.005,0.00
18.65688,-0.213,-0.005,0.00
18.66713,-0.220,0.008,0.00
18.67729,-0.220,0.008,0.00
18.68745,-0.224,0.020,0.00
18.69769,-0.224,0.020,0.00
18.70798,-0.224,0.020,0.00
18.71819,-0.226,0.033,0.00
18.72835,-0.228,0.042,0.00
18.73850,-0.228,0.042,0.00
18.74879,-0.228,0.055,0.00
18.76058,-0.228,0.055,0.00
18.77072,-0.225,0.064,0.00
18.78087,-0.225,0.064,0.00
18.79151,-0.224,0.071,0.00
18.80168,-0.225,0.071,0.00
18.81184,-0.225,0.081,0.00
18.82200,-0.229,0.090,0.00
18.83218,-0.229,0.090,0.00
18.84233,-0.229,0.100,0.00
18.85254,-0.235,0.100,0.00
18.86269,-0.235,0.100,0.00
18.87286,-0.242,0.107,0.00
18.88311,-0.246,0.114,0.00
18.89338,-0.246,0.114,0.00
18.90357,-0.246,0.114,0.00
18.91374,-0.251,0.119,0.00
18.92390,-0.259,0.123,0.00
18.93406,-0.259,0.123,0.00
18.94422,-0.262,0.126,0.00
18.95438,-0.262,0.126,0.00
18.96468,-0.262,0.132,0.00
18.97530,-0.270,0.132,0.00
18.98550,-0.283,0.143,0.00
18.99569,-0.283,0.143,0.00
19.00589,-0.303,0.153,0.00
19.01606,-0.303,0.153,0.00
19.02703,-0.303,0.153,0.00
19.03730,-0.317,0.168,0.00
19.04752,-0.321,0.176,0.00
19.05768,-0.321,0.176,0.00
19.06783,-0.321,0.185,0.00
19.07799,-0.321,0.185,0.00
19.08818,-0.318,0.191,0.00
19.09835,-0.318,0.191,0.00
19.10875,-0.316,0.199,0.00
19.11890,-0.316,0.199,0.00
19.12938,-0.317,0.202,0.00
19.14017,-0.317,0.202,0.00
19.15069,-0.318,0.204,0.00
19.16100,-0.318,0.204,0.00
19.17115,-0.317,0.204,0.00
19.18175,-0.317,0.204,0.00
19.19220,-0.314,0.204,0.00
19.20236,-0.309,0.208,0.00
19.21250,-0.309,0.208,0.00
19.22295,-0.309,0.216,0.00
19.23310,-0.301,0.216,0.00
19.24331,-0.303,0.225,0.00
19.25421,-0.303,0.225,0.00
19.26377,-0.302,0.234,0.00
19.27394,-0.302,0.234,0.00
19.28415,-0.303,0.237,0.00
19.29429,-0.303,0.237,0.00
19.30445,-0.299,0.240,0.00
19.31460,-0.299,0.240,0.00
19.32481,-0.296,0.247,0.00
19.33504,-0.296,0.247,0.00
19.34578,-0.294,0.264,0.00
19.35593,-0.294,0.264,0.00
19.36612,-0.294,0.264,0.00
19.37632,-0.294,0.283,0.00
19.38650,-0.296,0.312,0.00
19.39740,-0.296,0.312,0.00
19.40795,-0.298,0.341,0.00
19.41810,-0.298,0.341,0.00
19.42915,-0.299,0.368,0.00
19.43947,-0.299,0.368,0.00
19.44966,-0.300,0.392,0.00
19.45984,-0.300,0.392,0.00
19.47000,-0.301,0.419,0.00
19.48016,-0.301,0.419,0.00
19.49032,-0.302,0.444,0.00
19.50047,-0.302,0.444,0.00
19.51063,-0.301,0.472,0.00
19.52079,-0.301,0.472,0.00
19.53094,-0.301,0.506,0.00
19.54114,-0.299,0.540,0.00
19.55149,-0.299,0.540,0.00
19.56188,-0.297,0.568,0.00
19.57219,-0.297,0.568,0.00
19.58255,-0.297,0.568,0.00
19.59295,-0.295,0.600,0.00
19.60350,-0.295,0.632,0.00
19.61423,-0.291,0.632,0.00
19.62437,-0.285,0.661,0.00
19.63454,-0.285,0.661,0.00
19.64566,-0.279,0.691,0.00
19.65592,-0.279,0.691,0.00
19.66626,-0.273,0.691,0.00
19.67642,-0.273,0.722,0.00
19.68656,-0.266,0.748,0.00
19.69672,-0.266,0.748,0.00
19.70695,-0.263,0.775,0.00
19.71710,-0.263,0.775,0.00
19.72741,-0.257,0.797,0.00
19.73764,-0.257,0.797,0.00
19.74784,-0.252,0.816,0.00
19.75813,-0.252,0.816,0.00
19.76841,-0.248,0.834,0.00
19.77856,-0.248,0.834,0.00
19.78873,-0.253,0.856,0.00
19.79892,-0.253,0.856,0.00
19.80908,-0.260,0.879,0.00
19.81957,-0.260,0.879,0.00
19.83016,-0.259,0.895,0.00
19.84031,-0.259,0.906,0.00
19.85062,-0.254,0.906,0.00
19.86230,-0.254,0.916,0.00
19.87249,-0.250,0.916,0.00
19.88265,-0.250,0.916,0.00
19.89279,-0.247,0.924,0.00
19.90295,-0.247,0.924,0.00
19.91310,-0.248,0.930,0.00
19.92387,-0.248,0.930,0.00
19.93402,-0.256,0.932,0.00
19.94418,-0.266,0.929,0.00
19.95433,-0.266,0.929,0.00
19.96457,-0.275,0.927,0.00
19.97485,-0.275,0.927,0.00
19.98501,-0.280,0.918,0.00
19.99554,-0.280,0.918,0.00
20.00571,-0.280,0.909,0.00
20.01589,-0.281,0.909,0.00
20.02605,-0.281,0.909,0.00
20.03621,-0.287,0.901,0.00
20.04637,-0.287,0.901,0.00
20.05651,-0.298,0.888,0.00
20.06726,-0.309,0.872,0.00
20.07799,-0.309,0.872,0.00
20.08840,-0.321,0.855,0.00
20.10025,-0.321,0.855,0.00
20.11040,-0.334,0.843,0.00
20.12056,-0.334,0.843,0.00
20.13075,-0.350,0.836,0.00
20.14091,-0.350,0.836,0.00
20.15107,-0.365,0.833,0.00
20.16123,-0.365,0.833,0.00
20.17144,-0.382,0.828,0.00
20.18178,-0.382,0.828,0.00
20.19194,-0.398,0.822,0.00
20.20210,-0.416,0.820,0.00
20.21226,-0.416,0.820,0.00
20.22278,-0.416,0.820,0.00
20.23390,-0.416,0.820,0.00
20.24415,-0.434,0.819,0.00
20.25431,-0.447,0.818,0.00
20.26465,-0.458,0.818,0.00
20.27481,-0.458,0.817,0.00
20.28599,-0.465,0.815,0.00
20.29633,-0.465,0.815,0.00
20.30689,-0.469,0.817,0.00
20.31708,-0.469,0.817,0.00
20.32739,-0.469,0.821,0.00
20.33948,-0.469,0.821,0.00
20.34975,-0.472,0.828,0.00
20.36007,-0.472,0.828,0.00
20.37023,-0.474,0.842,0.00
20.38050,-0.474,0.842,0.00
20.39066,-0.478,0.852,0.00
20.40082,-0.481,0.855,0.00
20.41097,-0.481,0.855,0.00
20.42136,-0.481,0.855,0.00
20.43177,-0.483,0.855,0.00
20.44194,-0.486,0.855,0.00
20.45210,-0.486,0.852,0.00
20.46227,-0.490,0.852,0.00
20.47257,-0.490,0.846,0.00
20.48273,-0.494,0.846,0.00
20.49289,-0.494,0.837,0.00
20.50311,-0.501,0.837,0.00
20.51348,-0.501,0.824,0.00
20.52423,-0.510,0.824,0.00
20.53441,-0.510,0.801,0.00
20.54496,-0.523,0.780,0.00
20.55522,-0.523,0.780,0.00
20.56551,-0.532,0.780,0.00
20.57569,-0.532,0.758,0.00
20.58618,-0.527,0.731,0.00
20.59609,-0.527,0.731,0.00
20.60647,-0.527,0.731,0.00
20.61668,-0.512,0.705,0.00
20.62688,-0.462,0.681,0.00
20.63713,-0.462,0.681,0.00
20.64729,-0.410,0.662,0.00
20.65774,-0.410,0.662,0.00
20.66798,-0.366,0.642,0.00
20.67825,-0.366,0.642,0.00
20.68850,-0.340,0.617,0.00
20.69879,-0.340,0.617,0.00
20.70895,-0.327,0.591,0.00
20.71910,-0.327,0.565,0.00
20.72926,-0.326,0.565,0.00
20.73941,-0.326,0.565,0.00
20.74967,-0.334,0.545,0.00
20.75982,-0.345,0.545,0.00
20.77002,-0.345,0.526,0.00
20.78016,-0.345,0.526,0.00
20.79046,-0.353,0.499,0.00
20.80063,-0.353,0.499,0.00
20.81080,-0.351,0.468,0.00
20.82104,-0.351,0.433,0.00
20.83120,-0.345,0.433,0.00
20.84146,-0.345,0.433,0.00
20.85162,-0.336,0.395,0.00
20.86177,-0.336,0.395,0.00
20.87209,-0.325,0.358,0.00
20.88240,-0.325,0.325,0.00
20.89273,-0.318,0.325,0.00
20.90290,-0.318,0.325,0.00
20.91306,-0.321,0.290,0.00
20.92332,-0.321,0.290,0.00
20.93347,-0.337,0.251,0.00
20.94375,-0.357,0.208,0.00
20.95390,-0.357,0.208,0.00
20.96407,-0.357,0.208,0.00
20.97425,-0.377,0.173,0.00
20.98442,-0.377,0.173,0.00
20.99458,-0.394,0.141,0.00
21.00475,-0.408,0.113,0.00
21.01491,-0.408,0.113,0.00
21.02519,-0.413,0.113,0.00
21.03534,-0.413,0.086,0.00
21.04607,-0.414,0.051,0.00
21.05716,-0.414,0.051,0.00
21.06744,-0.414,-0.007,0.00
21.07772,-0.414,-0.007,0.00
21.08797,-0.418,-0.056,0.00
21.09812,-0.418,-0.056,0.00
21.10828,-0.429,-0.094,0.00
21.11846,-0.429,-0.094,0.00
21.12872,-0.444,-0.126,0.00
21.13895,-0.444,-0.126,0.00
21.14911,-0.463,-0.152,0.00
21.15927,-0.463,-0.152,0.00
21.16943,-0.484,-0.173,0.00
21.17960,-0.484,-0.190,0.00
21.18981,-0.505,-0.190,0.00
21.20063,-0.505,-0.190,0.00
21.21085,-0.523,-0.212,0.00
21.22101,-0.523,-0.212,0.00
21.23117,-0.537,-0.228,0.00
21.24142,-0.550,-0.228,0.00
21.25158,-0.550,-0.249,0.00
21.26174,-0.564,-0.249,0.00
21.27189,-0.564,-0.265,0.00
21.28204,-0.572,-0.265,0.00
21.29220,-0.572,-0.285,0.00
21.30257,-0.572,-0.285,0.00
21.31284,-0.575,-0.304,0.00
21.32330,-0.575,-0.304,0.00
21.33347,-0.575,-0.321,0.00
21.34364,-0.577,-0.335,0.00
21.35380,-0.577,-0.335,0.00
21.36397,-0.576,-0.344,0.00
21.37411,-0.576,-0.344,0.00
21.38428,-0.576,-0.344,0.00
21.39446,-0.579,-0.351,0.00
21.40462,-0.576,-0.355,0.00
21.41477,-0.576,-0.355,0.00
21.42498,-0.567,-0.361,0.00
21.43521,-0.567,-0.361,0.00
21.44625,-0.559,-0.369,0.00
21.45642,-0.559,-0.369,0.00
21.46704,-0.551,-0.378,0.00
21.47720,-0.551,-0.378,0.00
21.48842,-0.546,-0.386,0.00
21.49864,-0.546,-0.386,0.00
21.50899,-0.544,-0.391,0.00
21.51921,-0.544,-0.391,0.00
21.52943,-0.541,-0.394,0.00
21.53959,-0.541,-0.394,0.00
21.54974,-0.541,-0.395,0.00
21.55989,-0.541,-0.395,0.00
21.57019,-0.545,-0.392,0.00
21.58061,-0.545,-0.388,0.00
21.59078,-0.547,-0.388,0.00
21.60092,-0.547,-0.376,0.00
21.61107,-0.548,-0.376,0.00
21.62141,-0.548,-0.376,0.00
21.63189,-0.553,-0.362,0.00
21.64309,-0.553,-0.348,0.00
21.65326,-0.559,-0.348,0.00
21.66363,-0.564,-0.348,0.00
21.67381,-0.564,-0.336,0.00
21.68406,-0.570,-0.329,0.00
21.69421,-0.570,-0.329,0.00
21.70437,-0.570,-0.318,0.00
21.71454,-0.577,-0.318,0.00
21.72551,-0.587,-0.299,0.00
21.73580,-0.587,-0.299,0.00
21.74595,-0.587,-0.276,0.00
21.75612,-0.598,-0.276,0.00
21.76659,-0.598,-0.276,0.00
21.77700,-0.610,-0.252,0.00
21.78781,-0.623,-0.225,0.00
21.79800,-0.623,-0.225,0.00
21.80815,-0.634,-0.200,0.00
21.81861,-0.634,-0.200,0.00
21.82889,-0.643,-0.181,0.00
21.84065,-0.654,-0.181,0.00
21.85080,-0.654,-0.162,0.00
21.86131,-0.654,-0.162,0.00
21.87162,-0.665,-0.145,0.00
21.88178,-0.665,-0.145,0.00
21.89195,-0.674,-0.128,0.00
21.90234,-0.674,-0.128,0.00
21.91276,-0.682,-0.109,0.00
21.92293,-0.682,-0.109,0.00
21.93330,-0.682,-0.096,0.00
21.94365,-0.692,-0.085,0.00
21.95384,-0.702,-0.085,0.00
21.96402,-0.709,-0.073,0.00
21.97419,-0.709,-0.073,0.00
21.98501,-0.716,-0.059,0.00
21.99517,-0.716,-0.059,0.00
22.00549,-0.723,-0.051,0.00
22.01565,-0.723,-0.051,0.00
22.02592,-0.727,-0.050,0.00
22.03628,-0.727,-0.050,0.00
22.04703,-0.732,-0.051,0.00
22.05718,-0.732,-0.051,0.00
22.06759,-0.734,-0.057,0.00
22.07781,-0.734,-0.057,0.00
22.08837,-0.731,-0.066,0.00
22.09852,-0.731,-0.066,0.00
22.10868,-0.736,-0.074,0.00
22.11981,-0.736,-0.074,0.00
22.12999,-0.746,-0.082,0.00
22.14014,-0.746,-0.082,0.00
22.15029,-0.754,-0.092,0.00
22.16045,-0.755,-0.092,0.00
22.17060,-0.755,-0.100,0.00
22.18075,-0.755,-0.100,0.00
22.19102,-0.752,-0.106,0.00
22.20118,-0.752,-0.117,0.00
22.21153,-0.750,-0.117,0.00
22.22255,-0.750,-0.117,0.00
22.23272,-0.749,-0.135,0.00
22.24288,-0.749,-0.148,0.00
22.25303,-0.752,-0.148,0.00
22.26318,-0.758,-0.162,0.00
22.27350,-0.758,-0.162,0.00
22.28366,-0.765,-0.162,0.00
22.29382,-0.765,-0.175,0.00
22.30398,-0.766,-0.175,0.00
22.31414,-0.766,-0.190,0.00
22.32530,-0.756,-0.203,0.00
22.33550,-0.756,-0.203,0.00
22.34568,-0.756,-0.203,0.00
22.35581,-0.731,-0.222,0.00
22.36598,-0.685,-0.237,0.00
22.37613,-0.685,-0.237,0.00
22.38638,-0.627,-0.247,0.00
22.39655,-0.627,-0.247,0.00
22.40675,-0.566,-0.266,0.00
22.41690,-0.566,-0.266,0.00
22.42706,-0.526,-0.287,0.00
22.43838,-0.526,-0.287,0.00
22.44865,-0.500,-0.307,0.00
22.45881,-0.500,-0.307,0.00
22.46896,-0.495,-0.341,0.00
22.47910,-0.495,-0.379,0.00
22.48924,-0.516,-0.379,0.00
22.49940,-0.516,-0.379,0.00
22.51011,-0.539,-0.433,0.00
22.52027,-0.539,-0.433,0.00
22.53056,-0.539,-0.504,0.00
22.54071,-0.539,-0.504,0.00
22.55089,-0.527,-0.582,0.00
22.56106,-0.527,-0.582,0.00
22.57121,-0.553,-0.659,0.00
22.58138,-0.553,-0.659,0.00
22.59154,-0.576,-0.738,0.00
22.60365,-0.576,-0.738,0.00
22.61382,-0.606,-0.824,0.00
22.62397,-0.606,-0.824,0.00
22.63471,-0.634,-0.958,0.00
22.64489,-0.668,-1.106,0.00
22.65504,-0.668,-1.106,0.00
22.66571,-0.711,-1.259,0.00
22.67587,-0.711,-1.259,0.00
22.68604,-0.760,-1.462,0.00
22.69620,-0.760,-1.462,0.00
22.70636,-0.809,-1.766,0.00
22.71652,-0.809,-1.766,0.00
22.72688,-0.830,-2.031,0.00
22.73823,-0.830,-2.031,0.00
22.74838,-0.829,-2.265,0.00
22.75880,-0.829,-2.265,0.00
22.76896,-0.822,-2.551,0.00
22.77913,-0.822,-2.551,0.00
22.78930,-0.806,-2.884,0.00
22.80020,-0.806,-2.884,0.00
22.81040,-0.770,-3.102,0.00
22.82107,-0.770,-3.102,0.00
22.83134,-0.719,-3.263,0.00
22.84151,-0.719,-3.384,0.00
22.85177,-0.664,-3.384,0.00
22.86209,-0.664,-3.384,0.00
22.87245,-0.608,-3.473,0.00
22.88276,-0.608,-3.473,0.00
22.89306,-0.543,-3.558,0.00
22.90339,-0.543,-3.632,0.00
22.91382,-0.474,-3.632,0.00
22.92448,-0.474,-3.702,0.00
22.93464,-0.417,-3.702,0.00
22.94576,-0.360,-3.800,0.00
22.95593,-0.360,-3.800,0.00
22.96612,-0.316,-3.959,0.00
22.97628,-0.316,-3.959,0.00
22.98644,-0.282,-4.173,0.00
22.99660,-0.282,-4.173,0.00
23.00744,-0.257,-4.365,0.00
23.01770,-0.257,-4.365,0.00
23.02785,-0.235,-4.597,0.00
23.03802,-0.235,-4.597,0.00
23.04818,-0.215,-4.787,0.00
23.05833,-0.215,-4.787,0.00
23.06849,-0.189,-4.959,0.00
23.07865,-0.189,-4.959,0.00
23.08885,-0.153,-5.050,0.00
23.09932,-0.121,-5.073,0.00
23.11065,-0.121,-5.073,0.00
23.12206,-0.121,-5.073,0.00
23.13245,-0.088,-5.017,0.00
23.14273,-0.056,-4.914,0.00
23.15290,-0.056,-4.914,0.00
23.16306,-0.056,-4.914,0.00
23.17322,-0.038,-4.818,0.00
23.18338,-0.038,-4.818,0.00
23.19364,-0.029,-4.710,0.00
23.20381,-0.028,-4.597,0.00
23.21414,-0.028,-4.597,0.00
23.22452,-0.031,-4.486,0.00
23.23495,-0.031,-4.486,0.00
23.24653,-0.034,-4.380,0.00
23.25683,-0.034,-4.380,0.00
23.26718,-0.033,-4.261,0.00
23.27793,-0.033,-4.261,0.00
23.28808,-0.014,-4.132,0.00
23.29823,-0.014,-4.132,0.00
23.30868,-0.014,-4.132,0.00
23.31885,0.026,-4.042,0.00
23.32901,0.073,-3.969,0.00
23.33917,0.073,-3.969,0.00
23.34935,0.113,-3.886,0.00
23.35963,0.113,-3.886,0.00
23.36978,0.135,-3.816,0.00
23.37999,0.135,-3.770,0.00
23.39015,0.132,-3.770,0.00
23.40030,0.132,-3.730,0.00
23.41045,0.109,-3.730,0.00
23.42062,0.073,-3.730,0.00
23.43078,0.073,-3.707,0.00
23.44094,0.073,-3.707,0.00
23.45138,0.073,-3.707,0.00
23.46181,-0.027,-3.684,0.00
23.47197,-0.027,-3.640,0.00
23.48213,-0.027,-3.640,0.00
23.49228,-0.090,-3.569,0.00
23.50266,-0.090,-3.569,0.00
23.51288,-0.090,-3.569,0.00
23.52304,-0.090,-3.500,0.00
23.53321,-0.224,-3.435,0.00
23.54341,-0.224,-3.435,0.00
23.55367,-0.273,-3.395,0.00
23.56384,-0.292,-3.378,0.00
23.57402,-0.292,-3.378,0.00
23.58423,-0.280,-3.379,0.00
23.59439,-0.280,-3.379,0.00
23.60520,-0.238,-3.394,0.00
23.61557,-0.238,-3.394,0.00
23.62575,-0.172,-3.421,0.00
23.63591,-0.172,-3.421,0.00
23.64606,-0.172,-3.421,0.00
23.65622,-0.113,-3.442,0.00
23.66637,-0.072,-3.442,0.00
23.67659,-0.072,-3.445,0.00
23.68680,-0.043,-3.426,0.00
23.69696,-0.043,-3.426,0.00
23.70711,-0.015,-3.390,0.00
23.71733,-0.015,-3.390,0.00
23.72768,0.008,-3.347,0.00
23.73902,0.008,-3.347,0.00
23.74913,0.025,-3.301,0.00
23.75928,0.025,-3.301,0.00
23.76945,0.031,-3.262,0.00
23.77961,0.031,-3.262,0.00
23.78978,0.031,-3.258,0.00
23.80002,0.025,-3.258,0.00
23.81018,0.013,-3.267,0.00
23.82034,0.013,-3.267,0.00
23.83057,0.013,-3.267,0.00
23.84122,-0.018,-3.287,0.00
23.85179,-0.064,-3.313,0.00
23.86196,-0.126,-3.313,0.00
23.87218,-0.126,-3.350,0.00
23.88235,-0.126,-3.350,0.00
23.89297,-0.199,-3.406,0.00
23.90313,-0.199,-3.406,0.00
23.91329,-0.199,-3.406,0.00
23.92369,-0.199,-3.406,0.00
23.93385,-0.199,-3.406,0.00
23.94404,-0.199,-3.406,0.00
23.95420,-0.285,-3.537,0.00
23.96436,-0.378,-3.537,0.00
23.97458,-0.507,-3.612,0.00
23.98473,-0.503,-3.640,0.00
23.99489,-0.503,-3.640,0.00
24.00504,-0.503,-3.640,0.00
24.01519,-0.503,-3.640,0.00
24.02534,-0.503,-3.640,0.00
24.03548,-0.503,-3.640,0.00
24.04574,-0.503,-3.640,0.00
24.05589,-0.503,-3.640,0.00
24.06606,-0.503,-3.640,0.00
24.07638,-0.503,-3.640,0.00
24.08681,-0.445,-3.657,0.00
24.09737,-0.356,-3.666,0.00
24.10800,-0.279,-3.668,0.00
24.11819,-0.234,-3.668,0.00
24.12855,-0.205,-3.610,0.00
24.13887,-0.205,-3.610,0.00
24.14920,-0.205,-3.610,0.00
24.15951,-0.205,-3.610,0.00
24.16999,-0.205,-3.610,0.00
24.18030,-0.205,-3.610,0.00
24.19049,-0.205,-3.610,0.00
24.20064,-0.205,-3.610,0.00
24.21080,-0.205,-3.610,0.00
24.22097,-0.205,-3.610,0.00
24.23206,-0.216,-3.551,0.00
24.24224,-0.226,-3.399,0.00
24.25239,-0.224,-3.315,0.00
24.26257,-0.210,-3.237,0.00
24.27273,-0.152,-3.071,0.00
24.28287,-0.126,-3.081,0.00
24.29302,-0.126,-3.081,0.00
24.30321,-0.118,-3.118,0.00
24.31338,-0.134,-3.157,0.00
24.32383,-0.134,-3.157,0.00
24.33396,-0.157,-3.184,0.00
24.34412,-0.166,-3.184,0.00
24.35434,-0.166,-3.193,0.00
24.36449,-0.166,-3.193,0.00
24.37464,-0.165,-3.191,0.00
24.38482,-0.165,-3.191,0.00
24.39497,-0.164,-3.176,0.00
24.40513,-0.164,-3.176,0.00
24.41529,-0.172,-3.175,0.00
24.42571,-0.181,-3.198,0.00
24.43596,-0.181,-3.198,0.00
24.44639,-0.193,-3.198,0.00
24.45662,-0.193,-3.234,0.00
24.46683,-0.193,-3.285,0.00
24.47699,-0.206,-3.285,0.00
24.48717,-0.206,-3.285,0.00
24.49739,-0.215,-3.322,0.00
24.50755,-0.223,-3.337,0.00
24.51776,-0.223,-3.337,0.00
24.52797,-0.233,-3.334,0.00
24.53924,-0.233,-3.334,0.00
24.54940,-0.250,-3.334,0.00
24.55984,-0.250,-3.334,0.00
24.56999,-0.270,-3.349,0.00
24.58022,-0.270,-3.349,0.00
24.59037,-0.289,-3.374,0.00
24.60053,-0.289,-3.374,0.00
24.61067,-0.307,-3.411,0.00
24.62085,-0.307,-3.411,0.00
24.63100,-0.328,-3.449,0.00
24.64118,-0.328,-3.449,0.00
24.65132,-0.349,-3.478,0.00
24.66234,-0.349,-3.478,0.00
24.67248,-0.369,-3.498,0.00
24.68269,-0.395,-3.510,0.00
24.69283,-0.395,-3.510,0.00
24.70305,-0.429,-3.517,0.00
24.71404,-0.429,-3.517,0.00
24.72427,-0.429,-3.517,0.00
24.73443,-0.478,-3.517,0.00
24.74459,-0.540,-3.512,0.00
24.75474,-0.540,-3.512,0.00
24.76496,-0.604,-3.512,0.00
24.77513,-0.604,-3.509,0.00
24.78529,-0.671,-3.509,0.00
24.79544,-0.671,-3.501,0.00
24.80568,-0.739,-3.485,0.00
24.81594,-0.739,-3.485,0.00
24.82641,-0.802,-3.468,0.00
24.83659,-0.802,-3.468,0.00
24.84715,-0.850,-3.452,0.00
24.85764,-0.850,-3.452,0.00
24.86798,-0.885,-3.434,0.00
24.87841,-0.885,-3.434,0.00
24.88985,-0.899,-3.402,0.00
24.90000,-0.899,-3.402,0.00
24.91033,-0.909,-3.363,0.00
24.92065,-0.920,-3.363,0.00
24.93098,-0.920,-3.312,0.00
24.94136,-0.920,-3.312,0.00
24.95152,-0.920,-3.261,0.00
24.96173,-0.929,-3.261,0.00
24.97189,-0.929,-3.208,0.00
24.98205,-0.929,-3.148,0.00
24.99221,-0.926,-3.148,0.00
25.00239,-0.926,-3.148,0.00
25.01455,-0.926,-3.148,0.00
25.02496,-0.923,-3.008,0.00
25.03522,-0.922,-3.008,0.00
25.04552,-0.909,-2.926,0.00
25.05571,-0.909,-2.926,0.00
25.06588,-0.909,-2.926,0.00
25.07606,-0.884,-2.847,0.00
25.08636,-0.884,-2.847,0.00
25.09734,-0.855,-2.760,0.00
25.10768,-0.819,-2.677,0.00
25.11821,-0.819,-2.677,0.00
25.12847,-0.782,-2.601,0.00
25.13866,-0.782,-2.601,0.00
25.14920,-0.751,-2.531,0.00
25.15972,-0.751,-2.531,0.00
25.17010,-0.726,-2.470,0.00
25.18026,-0.726,-2.470,0.00
25.19045,-0.710,-2.409,0.00
25.20064,-0.710,-2.409,0.00
25.21079,-0.701,-2.337,0.00
25.22149,-0.701,-2.337,0.00
25.23165,-0.693,-2.279,0.00
25.24240,-0.693,-2.279,0.00
25.25258,-0.686,-2.226,0.00
25.26332,-0.686,-2.226,0.00
25.27343,-0.682,-2.181,0.00
25.28359,-0.682,-2.181,0.00
25.29374,-0.679,-2.143,0.00
25.30390,-0.682,-2.119,0.00
25.31404,-0.682,-2.119,0.00
25.32444,-0.686,-2.119,0.00
25.33472,-0.686,-2.101,0.00
25.34489,-0.686,-2.087,0.00
25.35506,-0.691,-2.087,0.00
25.36522,-0.691,-2.073,0.00
25.37538,-0.696,-2.073,0.00
25.38586,-0.706,-2.059,0.00
25.39603,-0.706,-2.059,0.00
25.40618,-0.714,-2.059,0.00
25.41634,-0.714,-2.046,0.00
25.42650,-0.724,-2.034,0.00
25.43683,-0.724,-2.034,0.00
25.44813,-0.734,-2.034,0.00
25.45835,-0.734,-2.026,0.00
25.46851,-0.740,-2.015,0.00
25.47876,-0.740,-2.015,0.00
25.48904,-0.747,-2.007,0.00
25.49934,-0.747,-2.007,0.00
25.50950,-0.753,-1.997,0.00
25.51966,-0.753,-1.997,0.00
25.52993,-0.759,-1.985,0.00
25.54020,-0.759,-1.985,0.00
25.55035,-0.766,-1.981,0.00
25.56051,-0.766,-1.981,0.00
25.57068,-0.773,-1.977,0.00
25.58088,-0.773,-1.977,0.00
25.59104,-0.781,-1.973,0.00
25.60277,-0.781,-1.973,0.00
25.61294,-0.792,-1.960,0.00
25.62311,-0.802,-1.960,0.00
25.63327,-0.802,-1.945,0.00
25.64343,-0.802,-1.932,0.00
25.65370,-0.807,-1.932,0.00
25.66386,-0.807,-1.932,0.00
25.67402,-0.807,-1.932,0.00
25.68417,-0.807,-1.932,0.00
25.69509,-0.807,-1.932,0.00
25.70525,-0.812,-1.917,0.00
25.71542,-0.818,-1.890,0.00
25.72576,-0.824,-1.890,0.00
25.73592,-0.824,-1.884,0.00
25.74738,-0.824,-1.884,0.00
25.75746,-0.820,-1.880,0.00
25.76763,-0.811,-1.875,0.00
25.77787,-0.811,-1.875,0.00
25.78816,-0.801,-1.870,0.00
25.79831,-0.801,-1.870,0.00
25.80847,-0.787,-1.867,0.00
25.81886,-0.787,-1.867,0.00
25.82925,-0.775,-1.867,0.00
25.83966,-0.775,-1.867,0.00
25.84986,-0.775,-1.867,0.00
25.86003,-0.775,-1.868,0.00
25.87026,-0.767,-1.868,0.00
25.88112,-0.759,-1.872,0.00
25.89139,-0.749,-1.878,0.00
25.90223,-0.749,-1.878,0.00
25.91239,-0.741,-1.886,0.00
25.92255,-0.741,-1.890,0.00
25.93272,-0.735,-1.890,0.00
25.94288,-0.735,-1.890,0.00
25.95305,-0.731,-1.892,0.00
25.96331,-0.731,-1.892,0.00
25.97365,-0.737,-1.896,0.00
25.98382,-0.737,-1.896,0.00
25.99396,-0.742,-1.898,0.00
26.00412,-0.742,-1.898,0.00
26.01427,-0.749,-1.902,0.00
26.02443,-0.755,-1.902,0.00
26.03681,-0.755,-1.902,0.00
26.04707,-0.763,-1.898,0.00
26.05722,-0.763,-1.898,0.00
26.06738,-0.763,-1.898,0.00
26.07773,-0.770,-1.892,0.00
26.08800,-0.779,-1.886,0.00
26.09817,-0.779,-1.886,0.00
26.10833,-0.790,-1.881,0.00
26.11849,-0.790,-1.881,0.00
26.12866,-0.790,-1.881,0.00
26.13894,-0.790,-1.881,0.00
26.14931,-0.790,-1.881,0.00
26.15986,-0.790,-1.881,0.00
26.17004,-0.790,-1.881,0.00
26.18055,-0.790,-1.881,0.00
26.19144,-0.799,-1.872,0.00
26.20172,-0.821,-1.864,0.00
26.21202,-0.827,-1.835,0.00
26.22259,-0.827,-1.835,0.00
26.23275,-0.827,-1.823,0.00
26.24295,-0.827,-1.799,0.00
26.25310,-0.827,-1.799,0.00
26.26337,-0.828,-1.787,0.00
26.27369,-0.828,-1.787,0.00
26.28418,-0.830,-1.774,0.00
26.29435,-0.830,-1.774,0.00
26.30451,-0.830,-1.774,0.00
26.31466,-0.833,-1.762,0.00
26.32481,-0.833,-1.753,0.00
26.33497,-0.836,-1.753,0.00
26.34513,-0.834,-1.753,0.00
26.35535,-0.834,-1.748,0.00
26.36565,-0.833,-1.748,0.00
26.37582,-0.833,-1.745,0.00
26.38648,-0.833,-1.745,0.00
26.39664,-0.832,-1.744,0.00
26.40709,-0.832,-1.744,0.00
26.41725,-0.832,-1.744,0.00
26.42762,-0.832,-1.744,0.00
26.43875,-0.838,-1.744,0.00
26.44915,-0.842,-1.748,0.00
26.45961,-0.838,-1.755,0.00
26.46979,-0.831,-1.763,0.00
26.48005,-0.831,-1.763,0.00
26.49021,-0.823,-1.771,0.00
26.50036,-0.823,-1.771,0.00
26.51051,-0.823,-1.771,0.00
26.52065,-0.816,-1.781,0.00
26.53167,-0.816,-1.781,0.00
26.54185,-0.812,-1.796,0.00
26.55208,-0.812,-1.796,0.00
26.56237,-0.802,-1.813,0.00
26.57252,-0.802,-1.833,0.00
26.58277,-0.802,-1.833,0.00
26.59293,-0.802,-1.833,0.00
26.60309,-0.802,-1.833,0.00
26.61327,-0.798,-1.857,0.00
26.62346,-0.798,-1.857,0.00
26.63371,-0.798,-1.857,0.00
26.64387,-0.798,-1.857,0.00
26.65403,-0.798,-1.857,0.00
26.66419,-0.790,-1.877,0.00
26.67469,-0.777,-1.917,0.00
26.68519,-0.760,-1.943,0.00
26.69535,-0.752,-1.970,0.00
26.70551,-0.741,-1.995,0.00
26.71568,-0.741,-1.995,0.00
26.72583,-0.730,-1.995,0.00
26.73600,-0.730,-2.011,0.00
26.74636,-0.714,-2.027,0.00
26.75655,-0.714,-2.027,0.00
26.76673,-0.714,-2.042,0.00
26.77689,-0.693,-2.042,0.00
26.78705,-0.663,-2.058,0.00
26.79721,-0.663,-2.058,0.00
26.80737,-0.621,-2.075,0.00
26.81752,-0.621,-2.075,0.00
26.82782,-0.568,-2.086,0.00
26.83808,-0.568,-2.086,0.00
26.84842,-0.510,-2.092,0.00
26.85867,-0.510,-2.092,0.00
26.86882,-0.443,-2.092,0.00
26.87897,-0.443,-2.092,0.00
26.88913,-0.365,-2.093,0.00
26.90068,-0.365,-2.089,0.00
26.91162,-0.277,-2.089,0.00
26.92178,-0.176,-2.083,0.00
26.93194,-0.176,-2.083,0.00
26.94220,-0.176,-2.083,0.00
26.95280,-0.071,-2.076,0.00
26.96297,-0.071,-2.069,0.00
26.97387,0.018,-2.069,0.00
26.98429,0.076,-2.069,0.00
26.99470,0.076,-2.064,0.00
27.00485,0.109,-2.071,0.00
27.01501,0.109,-2.071,0.00
27.02517,0.116,-2.082,0.00
27.03532,0.116,-2.082,0.00
27.04631,0.100,-2.100,0.00
27.05646,0.100,-2.100,0.00
27.06660,0.072,-2.100,0.00
27.07676,0.072,-2.126,0.00
27.08691,0.072,-2.164,0.00
27.09707,0.028,-2.164,0.00
27.10723,0.028,-2.210,0.00
27.11796,-0.034,-2.210,0.00
27.12816,-0.110,-2.262,0.00
27.13869,-0.110,-2.262,0.00
27.14884,-0.194,-2.321,0.00
27.15914,-0.194,-2.321,0.00
27.16963,-0.276,-2.368,0.00
27.17989,-0.276,-2.368,0.00
27.19006,-0.365,-2.421,0.00
27.20021,-0.365,-2.421,0.00
27.21037,-0.464,-2.478,0.00
27.22052,-0.564,-2.478,0.00
27.23173,-0.564,-2.536,0.00
27.24189,-0.648,-2.536,0.00
27.25205,-0.648,-2.585,0.00
27.26230,-0.692,-2.585,0.00
27.27389,-0.692,-2.625,0.00
27.28405,-0.685,-2.655,0.00
27.29419,-0.685,-2.655,0.00
27.30434,-0.685,-2.655,0.00
27.31456,-0.633,-2.675,0.00
27.32488,-0.559,-2.675,0.00
27.33502,-0.559,-2.674,0.00
27.34518,-0.488,-2.663,0.00
27.35533,-0.488,-2.663,0.00
27.36549,-0.488,-2.643,0.00
27.37569,-0.439,-2.643,0.00
27.38586,-0.439,-2.612,0.00
27.39604,-0.405,-2.612,0.00
27.40638,-0.381,-2.577,0.00
27.41683,-0.381,-2.577,0.00
27.42699,-0.381,-2.577,0.00
27.43714,-0.357,-2.532,0.00
27.44728,-0.330,-2.482,0.00
27.45778,-0.330,-2.482,0.00
27.46791,-0.295,-2.415,0.00
27.47807,-0.295,-2.415,0.00
27.48824,-0.259,-2.415,0.00
27.49840,-0.259,-2.369,0.00
27.50872,-0.224,-2.339,0.00
27.51910,-0.224,-2.339,0.00
27.52916,-0.191,-2.312,0.00
27.53945,-0.191,-2.312,0.00
27.55022,-0.166,-2.297,0.00
27.56054,-0.166,-2.297,0.00
27.57068,-0.151,-2.300,0.00
27.58094,-0.151,-2.300,0.00
27.59119,-0.140,-2.318,0.00
27.60148,-0.140,-2.318,0.00
27.61178,-0.133,-2.336,0.00
27.62237,-0.133,-2.336,0.00
27.63254,-0.133,-2.341,0.00
27.64325,-0.133,-2.341,0.00
27.65341,-0.139,-2.338,0.00
27.66360,-0.139,-2.324,0.00
27.67376,-0.147,-2.324,0.00
27.68392,-0.147,-2.304,0.00
27.69409,-0.155,-2.304,0.00
27.70425,-0.159,-2.293,0.00
27.71457,-0.159,-2.293,0.00
27.72515,-0.159,-2.293,0.00
27.73548,-0.160,-2.278,0.00
27.74565,-0.160,-2.278,0.00
27.75582,-0.164,-2.274,0.00
27.76598,-0.164,-2.268,0.00
27.77616,-0.164,-2.268,0.00
27.78631,-0.164,-2.264,0.00
27.79668,-0.164,-2.264,0.00
27.80687,-0.167,-2.253,0.00
27.81705,-0.167,-2.253,0.00
27.82732,-0.177,-2.236,0.00
27.83749,-0.177,-2.236,0.00
27.84765,-0.197,-2.213,0.00
27.85782,-0.197,-2.213,0.00
27.86798,-0.219,-2.185,0.00
27.87832,-0.219,-2.185,0.00
27.88848,-0.237,-2.158,0.00
27.89864,-0.237,-2.158,0.00
27.90880,-0.257,-2.134,0.00
27.91927,-0.257,-2.134,0.00
27.92944,-0.279,-2.114,0.00
27.94026,-0.279,-2.114,0.00
27.95050,-0.300,-2.105,0.00
27.96064,-0.300,-2.105,0.00
27.97079,-0.300,-2.099,0.00
27.98206,-0.329,-2.099,0.00
27.99234,-0.361,-2.098,0.00
28.00262,-0.361,-2.098,0.00
28.01278,-0.399,-2.096,0.00
28.02293,-0.399,-2.096,0.00
28.03309,-0.399,-2.096,0.00
28.04339,-0.440,-2.096,0.00
28.05373,-0.478,-2.086,0.00
28.06371,-0.512,-2.086,0.00
28.07386,-0.512,-2.081,0.00
28.08402,-0.512,-2.081,0.00
28.09427,-0.544,-2.074,0.00
28.10442,-0.571,-2.074,0.00
28.11466,-0.571,-2.071,0.00
28.12499,-0.593,-2.069,0.00
28.13515,-0.593,-2.069,0.00
28.14531,-0.593,-2.069,0.00
28.15549,-0.609,-2.069,0.00
28.16575,-0.625,-2.069,0.00
28.17590,-0.625,-2.069,0.00
28.18606,-0.642,-2.065,0.00
28.19625,-0.642,-2.065,0.00
28.20640,-0.656,-2.064,0.00
28.21655,-0.656,-2.064,0.00
28.22671,-0.667,-2.069,0.00
28.23687,-0.667,-2.069,0.00
28.24702,-0.673,-2.075,0.00
28.25717,-0.673,-2.075,0.00
28.26734,-0.673,-2.083,0.00
28.27749,-0.673,-2.083,0.00
28.28765,-0.673,-2.083,0.00
28.29784,-0.669,-2.093,0.00
28.30801,-0.665,-2.110,0.00
28.31818,-0.665,-2.110,0.00
28.32835,-0.659,-2.127,0.00
28.33960,-0.659,-2.127,0.00
28.34975,-0.653,-2.140,0.00
28.35991,-0.653,-2.140,0.00
28.37007,-0.653,-2.140,0.00
28.38023,-0.645,-2.156,0.00
28.39042,-0.645,-2.156,0.00
28.40059,-0.639,-2.167,0.00
28.41075,-0.637,-2.173,0.00
28.42105,-0.636,-2.173,0.00
28.43123,-0.636,-2.172,0.00
28.44139,-0.636,-2.169,0.00
28.45161,-0.634,-2.169,0.00
28.46178,-0.634,-2.166,0.00
28.47194,-0.633,-2.166,0.00
28.48211,-0.633,-2.160,0.00
28.49226,-0.636,-2.160,0.00
28.50325,-0.636,-2.160,0.00
28.51384,-0.636,-2.152,0.00
28.52400,-0.636,-2.143,0.00
28.53463,-0.632,-2.143,0.00
28.54478,-0.631,-2.133,0.00
28.55497,-0.631,-2.133,0.00
28.56541,-0.631,-2.117,0.00
28.57593,-0.632,-2.117,0.00
28.58612,-0.632,-2.117,0.00
28.59628,-0.638,-2.099,0.00
28.60644,-0.642,-2.075,0.00
28.61672,-0.642,-2.075,0.00
28.62689,-0.643,-2.053,0.00
28.63731,-0.643,-2.053,0.00
28.64752,-0.645,-2.030,0.00
28.65768,-0.645,-2.030,0.00
28.66782,-0.645,-2.030,0.00
28.67802,-0.645,-2.011,0.00
28.68818,-0.646,-1.998,0.00
28.69840,-0.646,-1.998,0.00
28.70867,-0.650,-1.998,0.00
28.71886,-0.650,-1.984,0.00
28.72922,-0.658,-1.973,0.00
28.73985,-0.658,-1.973,0.00
28.75009,-0.665,-1.961,0.00
28.76031,-0.665,-1.961,0.00
28.77070,-0.673,-1.949,0.00
28.78124,-0.673,-1.949,0.00
28.79150,-0.680,-1.938,0.00
28.80237,-0.680,-1.938,0.00
28.81248,-0.689,-1.936,0.00
28.82282,-0.689,-1.936,0.00
28.83338,-0.689,-1.936,0.00
28.84441,-0.689,-1.939,0.00
28.85467,-0.716,-1.946,0.00
28.86483,-0.716,-1.946,0.00
28.87499,-0.716,-1.946,0.00
28.88517,-0.735,-1.964,0.00
28.89532,-0.735,-1.964,0.00
28.90569,-0.744,-1.968,0.00
28.91582,-0.744,-1.968,0.00
28.92683,-0.750,-1.973,0.00
28.93697,-0.750,-1.973,0.00
28.94713,-0.757,-1.978,0.00
28.95737,-0.757,-1.978,0.00
28.96752,-0.766,-1.979,0.00
28.97862,-0.775,-1.979,0.00
28.98883,-0.775,-1.981,0.00
28.99902,-0.775,-1.981,0.00
29.00919,-0.783,-1.987,0.00
29.01934,-0.783,-1.987,0.00
29.02953,-0.791,-1.991,0.00
29.04013,-0.791,-1.991,0.00
29.05028,-0.799,-2.000,0.00
29.06072,-0.799,-2.000,0.00
29.07088,-0.803,-2.007,0.00
29.08102,-0.803,-2.012,0.00
29.09118,-0.805,-2.012,0.00
29.10133,-0.805,-2.019,0.00
29.11149,-0.809,-2.019,0.00
29.12174,-0.812,-2.019,0.00
29.13203,-0.812,-2.023,0.00
29.14220,-0.813,-2.026,0.00
29.15251,-0.813,-2.026,0.00
29.16264,-0.813,-2.033,0.00
29.17279,-0.818,-2.033,0.00
29.18296,-0.818,-2.040,0.00
29.19316,-0.824,-2.040,0.00
29.20348,-0.824,-2.049,0.00
29.21373,-0.827,-2.049,0.00
29.22388,-0.827,-2.049,0.00
29.23404,-0.829,-2.059,0.00
29.24420,-0.830,-2.072,0.00
29.25436,-0.830,-2.072,0.00
29.26452,-0.826,-2.086,0.00
29.27468,-0.826,-2.086,0.00
29.28489,-0.826,-2.100,0.00
29.29542,-0.826,-2.100,0.00
29.30662,-0.828,-2.116,0.00
29.31690,-0.828,-2.116,0.00
29.32721,-0.836,-2.129,0.00
29.33729,-0.836,-2.129,0.00
29.34743,-0.841,-2.142,0.00
29.35887,-0.841,-2.142,0.00
29.37014,-0.839,-2.155,0.00
29.38029,-0.839,-2.155,0.00
29.39044,-0.836,-2.167,0.00
29.40071,-0.833,-2.167,0.00
29.41087,-0.833,-2.185,0.00
29.42107,-0.833,-2.185,0.00
29.43126,-0.829,-2.204,0.00
29.44180,-0.829,-2.204,0.00
29.45301,-0.831,-2.222,0.00
29.46317,-0.832,-2.240,0.00
29.47333,-0.832,-2.240,0.00
29.48349,-0.832,-2.240,0.00
29.49376,-0.832,-2.255,0.00
29.50392,-0.830,-2.255,0.00
29.51408,-0.830,-2.273,0.00
29.52422,-0.826,-2.288,0.00
29.53439,-0.826,-2.288,0.00
29.54456,-0.826,-2.302,0.00
29.55472,-0.815,-2.302,0.00
29.56488,-0.815,-2.317,0.00
29.57526,-0.806,-2.317,0.00
29.58544,-0.795,-2.336,0.00
29.59579,-0.795,-2.336,0.00
29.60595,-0.780,-2.354,0.00
29.61612,-0.780,-2.354,0.00
29.62649,-0.765,-2.367,0.00
29.63665,-0.765,-2.367,0.00
29.64681,-0.751,-2.371,0.00
29.65701,-0.751,-2.371,0.00
29.66715,-0.738,-2.369,0.00
29.67732,-0.738,-2.369,0.00
29.68765,-0.731,-2.365,0.00
29.69799,-0.731,-2.365,0.00
29.70815,-0.731,-2.358,0.00
29.71831,-0.731,-2.358,0.00
29.72846,-0.732,-2.347,0.00
29.73873,-0.732,-2.347,0.00
29.74894,-0.734,-2.338,0.00
29.75916,-0.734,-2.338,0.00
29.76949,-0.735,-2.334,0.00
29.77964,-0.735,-2.334,0.00
29.78981,-0.738,-2.338,0.00
29.80087,-0.738,-2.338,0.00
29.81102,-0.742,-2.351,0.00
29.82124,-0.742,-2.351,0.00
29.83139,-0.741,-2.363,0.00
29.84166,-0.741,-2.363,0.00
29.85183,-0.734,-2.382,0.00
29.86204,-0.734,-2.382,0.00
29.87220,-0.728,-2.402,0.00
29.88237,-0.712,-2.425,0.00
29.89254,-0.712,-2.425,0.00
29.90285,-0.673,-2.425,0.00
29.91330,-0.673,-2.452,0.00
29.92347,-0.597,-2.452,0.00
29.93389,-0.597,-2.478,0.00
29.94478,-0.481,-2.478,0.00
29.95494,-0.481,-2.502,0.00
29.96521,-0.332,-2.522,0.00
29.97541,-0.332,-2.522,0.00
29.98650,-0.332,-2.522,0.00
29.99665,-0.065,-2.539,0.00
30.00731,0.105,-2.555,0.00
30.01826,0.105,-2.555,0.00
30.02909,0.406,-2.555,0.00
30.03963,0.406,-2.566,0.00
30.04995,0.801,-2.571,0.00
30.06011,0.801,-2.571,0.00
30.07026,1.239,-2.572,0.00
30.08050,1.239,-2.572,0.00
30.09065,1.762,-2.566,0.00
30.10086,1.762,-2.566,0.00
30.11101,2.309,-2.555,0.00
30.12119,2.309,-2.555,0.00
30.13144,2.888,-2.543,0.00
30.14183,3.570,-2.526,0.00
30.15207,3.570,-2.526,0.00
30.16305,3.570,-2.508,0.00
30.17333,4.360,-2.508,0.00
30.18349,5.280,-2.485,0.00
30.19384,5.280,-2.485,0.00
30.20429,6.291,-2.460,0.00
30.21435,6.291,-2.460,0.00
30.22483,7.387,-2.443,0.00
30.23539,7.387,-2.443,0.00
30.24704,8.572,-2.420,0.00
30.25732,8.572,-2.420,0.00
30.26782,9.794,-2.397,0.00
30.27798,9.794,-2.397,0.00
30.28996,11.049,-2.370,0.00
30.30295,12.331,-2.370,0.00
30.31314,12.331,-2.340,0.00
30.32337,12.331,-2.308,0.00
30.33505,13.618,-2.308,10.00
30.34548,14.905,-2.278,10.00
30.35589,14.905,-2.278,10.00
30.36638,16.164,-2.278,10.00
30.37673,16.164,-2.258,10.00
30.38689,17.376,-2.244,10.00
30.39810,17.376,-2.244,10.00
30.40824,18.534,-2.225,10.00
30.41839,18.534,-2.225,10.00
30.44771,20.615,-2.177,10.00
30.45787,20.615,-2.177,10.00
30.47744,20.615,-2.177,10.00
30.48769,22.228,-2.113,10.00
30.50953,22.228,-2.113,10.00
30.51984,22.848,-2.083,10.00
30.53001,23.331,-2.050,10.00
30.54220,23.693,-2.009,10.00
30.55258,23.693,-2.009,10.00
30.56296,23.930,-2.009,10.00
30.57427,23.930,-1.954,10.00
30.58457,24.024,-1.808,10.00
30.59468,24.024,-1.808,10.00
30.60781,23.973,-1.618,10.00
30.61805,23.973,-1.618,10.00
30.62821,23.789,-1.290,10.00
30.64053,23.789,-1.290,10.00
30.65071,23.516,-0.808,10.00
30.66134,23.516,-0.808,10.00
30.67149,23.150,-0.239,10.50
30.68173,22.683,0.406,10.50
30.69197,22.683,0.406,10.50
30.70248,22.683,0.406,10.50
30.71259,22.130,1.101,10.50
30.72278,22.130,1.660,10.50
30.75014,21.492,2.214,10.50
30.76045,20.754,2.214,10.50
30.78197,18.989,2.709,10.50
30.79213,18.989,3.182,10.50
30.81583,18.989,3.182,10.50
30.82637,18.020,4.064,10.50
30.84553,17.016,4.064,10.50
30.85593,15.980,4.525,10.50
30.86632,14.890,5.014,10.50
30.87923,14.890,5.014,11.00
30.88967,13.766,5.464,11.00
30.89983,13.766,5.464,11.00
30.91170,12.668,5.897,11.00
30.92186,12.668,5.897,11.00
30.93216,11.609,6.327,11.00
30.94262,10.585,6.752,11.00
30.95307,10.585,6.752,11.00
30.96351,9.593,7.190,11.00
30.97385,9.593,7.190,11.00
30.98406,9.593,7.190,11.00
30.99423,8.598,7.632,11.00
31.02251,7.600,8.066,11.50
31.03267,6.653,8.555,11.50
31.05554,5.790,8.963,11.50
31.06572,4.999,9.348,11.50
31.08705,4.999,9.348,11.50
31.09724,4.239,9.716,11.50
31.11797,3.573,10.103,12.00
31.12837,2.983,10.103,12.00
31.13874,2.983,10.513,12.00
31.15042,2.983,10.966,12.00
31.16061,2.418,11.483,12.00
31.17077,1.884,11.483,12.00
31.18275,1.462,12.130,12.00
31.19304,1.462,12.130,12.00
31.20342,1.087,12.130,12.00
31.21495,1.087,12.704,12.00
31.22529,0.827,13.264,12.00
31.23547,0.827,13.264,12.00
31.24629,0.588,13.736,12.50
31.25660,0.588,13.736,12.50
31.26690,0.374,14.181,12.50
31.27805,0.374,14.181,12.50
31.28827,0.234,14.530,12.50
31.29849,0.234,14.530,12.50
31.32631,0.153,14.822,12.50
31.33664,0.153,15.054,12.50
31.35873,0.176,15.271,13.00
31.36894,0.199,15.470,13.00
31.38976,0.199,15.470,13.00
31.40013,0.238,15.671,13.00
31.41029,0.288,15.889,13.00
31.42283,0.360,16.115,13.00
31.43299,0.360,16.115,13.00
31.44328,0.447,16.334,13.00
31.45349,0.447,16.334,13.50
31.46367,0.545,16.334,13.50
31.47385,0.545,16.551,13.50
31.49023,0.545,16.743,13.50
31.50065,0.665,16.743,13.50
31.51106,0.780,16.920,13.50
31.52121,0.780,16.920,13.50
31.53137,0.898,17.096,13.50
31.54152,0.898,17.096,13.50
31.55169,1.007,17.221,14.00
31.56184,1.104,17.346,14.00
31.57199,1.104,17.346,14.00
31.59755,1.104,17.346,14.00
31.60773,1.274,17.568,14.00
31.63069,1.274,17.568,14.00
31.64109,1.349,17.666,14.00
31.66197,1.349,17.666,14.00
31.67313,1.449,17.804,14.00
31.69368,1.484,17.804,14.50
31.70387,1.496,17.910,14.50
31.71402,1.496,17.910,14.50
31.72602,1.491,17.910,14.50
31.73656,1.491,17.950,14.50
31.74672,1.481,18.000,14.50
31.75832,1.481,18.000,14.50
31.76913,1.473,18.064,14.50
31.77946,1.438,18.064,14.50
31.78989,1.438,18.128,14.50
31.80083,1.438,18.128,14.50
31.81097,1.456,18.199,14.50
31.83777,1.456,18.199,14.50
31.84796,1.480,18.299,14.50
31.87024,1.501,18.349,14.50
31.88054,1.521,18.408,14.50
31.90338,1.521,18.408,15.00
31.91366,1.537,18.478,15.00
31.93343,1.537,18.527,15.00
31.94385,1.558,18.582,15.00
31.95401,1.579,18.582,15.00
31.96586,1.611,18.582,15.00
31.97601,1.611,18.636,15.00
31.98629,1.644,18.636,15.00
31.99799,1.644,18.689,15.00
32.00817,1.644,18.763,15.00
32.01883,1.665,18.763,15.00
32.03161,1.701,18.763,15.00
32.04202,1.738,18.898,15.00
32.05220,1.738,18.898,15.00
32.06240,1.764,18.952,15.00
32.07257,1.764,18.952,15.00
32.08287,1.773,18.952,15.00
32.11097,1.796,18.993,15.00
32.12129,1.817,19.035,15.00
32.14187,1.817,19.066,15.00
32.15216,1.823,19.108,15.00
32.17400,1.823,19.143,15.00
32.18418,1.826,19.143,15.00
32.20607,1.826,19.181,15.00
32.21621,1.829,19.223,15.00
32.22638,1.827,19.256,15.00
32.23777,1.827,19.256,15.00
32.24796,1.820,19.297,15.00
32.25812,1.820,19.297,15.00
32.26948,1.820,19.297,15.00
32.28018,1.815,19.320,15.00
32.29087,1.810,19.348,15.00
32.30205,1.810,19.348,15.00
32.31246,1.771,19.375,15.00
32.32273,1.771,19.375,15.00
32.33562,1.779,19.402,15.00
32.34598,1.779,19.431,15.00
32.35630,1.790,19.431,15.00
32.38603,1.815,19.455,15.00
32.39619,1.837,19.455,15.00
32.41385,1.837,19.455,15.00
32.42404,1.881,19.461,15.00
32.44649,1.881,19.461,15.00
32.45769,1.895,19.455,15.00
32.47744,1.916,19.428,15.00
32.48772,1.934,19.408,15.00
32.49789,1.934,19.408,15.00
32.51028,1.957,19.382,15.00
32.52069,1.957,19.382,15.00
32.53087,1.971,19.350,15.00
32.54240,1.985,19.322,15.00
32.55277,1.985,19.322,15.00
32.56295,1.998,19.322,15.00
32.57431,1.998,19.283,15.00
32.58479,2.007,19.261,15.00
32.59530,2.007,19.261,15.00
32.60601,2.015,19.261,15.00
32.61655,2.015,19.238,15.00
32.62715,2.017,19.229,15.00
32.63861,2.017,19.229,15.00
32.64894,2.021,19.212,15.00
32.65950,2.026,19.185,15.00
32.68613,2.026,19.172,15.00
32.69750,2.030,19.172,15.00
32.71814,2.030,19.172,15.00
32.72857,2.043,19.143,15.00
32.73893,2.043,19.143,0.00
32.74913,2.050,19.136,0.00
32.75938,2.050,19.136,0.00
32.76966,2.055,19.125,0.00
32.77982,2.055,19.125,0.00
32.78997,2.063,19.121,0.00
32.80045,2.063,19.121,0.00
32.81060,2.056,19.106,0.00
32.82075,2.010,19.106,0.00
32.83102,2.010,19.100,0.00
32.84252,2.010,19.100,0.00
32.85279,1.889,19.092,0.00
32.86351,1.889,19.092,0.00
32.87369,1.662,19.085,0.00
32.88388,1.347,19.087,0.00
32.89431,1.347,19.087,0.00
32.90450,1.347,19.076,0.00
32.91463,0.984,19.076,0.00
32.92491,0.643,19.076,0.00
32.93507,0.643,19.076,0.00
32.94538,0.393,19.059,0.00
32.95578,0.393,19.059,0.00
32.96601,0.217,19.038,0.00
32.97616,0.217,19.038,0.00
32.98631,0.217,19.038,0.00
32.99662,0.044,19.025,0.00
33.00673,-0.092,18.991,0.00
33.01692,-0.092,18.991,0.00
33.02716,-0.214,18.892,0.00
33.03743,-0.214,18.892,0.00
33.04759,-0.327,18.654,0.00
33.05801,-0.327,18.654,0.00
33.06836,-0.517,18.155,0.00
33.07851,-0.517,18.155,0.00
33.08870,-0.667,17.309,0.00
33.09895,-0.667,17.309,0.00
33.10931,-0.808,16.210,0.00
33.11948,-0.808,16.210,0.00
33.12973,-0.913,14.986,0.00
33.13991,-0.913,14.986,0.00
33.15006,-0.983,13.603,0.00
33.16109,-0.983,13.603,0.00
33.17126,-1.000,12.418,0.00
33.18142,-1.000,11.267,0.00
33.19158,-1.029,11.267,0.00
33.20304,-1.029,11.267,0.00
33.21319,-1.013,10.185,0.00
33.22373,-1.013,10.185,0.00
33.23388,-0.967,9.179,0.00
33.24403,-0.967,8.286,0.00
33.25418,-0.897,8.286,0.00
33.26433,-0.897,7.460,0.00
33.27448,-0.827,7.460,0.00
33.28473,-0.767,6.675,0.00
33.29490,-0.767,6.675,0.00
33.30575,-0.709,5.700,0.00
33.31592,-0.709,5.700,0.00
33.32608,-0.662,4.827,0.00
33.33625,-0.662,4.827,0.00
33.34641,-0.618,3.903,0.00
33.35657,-0.618,3.903,0.00
33.36676,-0.560,3.088,0.00
33.37692,-0.560,3.088,0.00
33.38745,-0.482,2.141,0.00
33.39762,-0.482,2.141,0.00
33.40808,-0.482,1.191,0.00
33.41823,-0.390,1.191,0.00
33.42841,-0.294,0.196,0.00
33.43944,-0.294,0.196,0.00
33.44974,-0.216,-0.651,0.00
33.46066,-0.216,-0.651,0.00
33.47085,-0.163,-1.678,0.00
33.48113,-0.163,-1.678,0.00
33.49128,-0.135,-2.524,0.00
33.50196,-0.135,-2.524,0.00
33.51211,-0.131,-3.325,0.00
33.52245,-0.131,-4.185,0.00
33.53260,-0.145,-4.185,0.00
33.54276,-0.145,-4.185,0.00
33.55292,-0.179,-5.146,0.00
33.56308,-0.179,-5.146,0.00
33.57324,-0.217,-6.037,0.00
33.58340,-0.258,-6.906,0.00
33.59366,-0.258,-6.906,0.00
33.60382,-0.295,-7.689,0.00
33.61398,-0.295,-7.689,0.00
33.62422,-0.336,-8.463,0.00
33.63443,-0.336,-8.463,0.00
33.64585,-0.336,-9.050,0.00
33.65605,-0.383,-9.050,0.00
33.66679,-0.424,-9.473,0.00
33.67694,-0.424,-9.473,0.00
33.68721,-0.456,-9.796,0.00
33.69749,-0.456,-9.796,0.00
33.70784,-0.484,-9.958,0.00
33.71796,-0.484,-9.958,0.00
33.72813,-0.484,-9.958,0.00
33.73911,-0.509,-10.100,0.00
33.74930,-0.532,-10.091,0.00
33.75945,-0.532,-10.091,0.00
33.76972,-0.547,-10.068,0.00
33.78015,-0.547,-10.068,0.00
33.79061,-0.545,-9.991,0.00
33.80078,-0.537,-9.991,0.00
33.81126,-0.537,-9.951,0.00
33.82274,-0.537,-9.951,0.00
33.83296,-0.526,-9.925,0.00
33.84313,-0.526,-9.925,0.00
33.85330,-0.511,-9.878,0.00
33.86346,-0.492,-9.878,0.00
33.87381,-0.492,-9.839,0.00
33.88457,-0.492,-9.839,0.00
33.89474,-0.474,-9.829,0.00
33.90494,-0.456,-9.764,0.00
33.91511,-0.456,-9.764,0.00
33.92529,-0.456,-9.764,0.00
33.93576,-0.442,-9.715,0.00
33.94592,-0.426,-9.715,0.00
33.95632,-0.426,-9.688,0.00
33.96649,-0.406,-9.653,0.00
33.97674,-0.406,-9.653,0.00
33.98691,-0.394,-9.628,0.00
33.99712,-0.394,-9.628,0.00
34.00767,-0.388,-9.600,0.00
34.01808,-0.388,-9.600,0.00
34.02845,-0.385,-9.571,0.00
34.03892,-0.385,-9.571,0.00
34.04920,-0.388,-9.530,0.00
34.05973,-0.388,-9.530,0.00
34.06997,-0.396,-9.489,0.00
34.08032,-0.404,-9.437,0.00
34.09066,-0.404,-9.437,0.00
34.10082,-0.404,-9.358,0.00
34.11129,-0.416,-9.358,0.00
34.12145,-0.416,-9.283,0.00
34.13161,-0.433,-9.283,0.00
34.14186,-0.433,-9.188,0.00
34.15202,-0.454,-9.188,0.00
34.16222,-0.454,-9.092,0.00
34.17255,-0.476,-9.092,0.00
34.18287,-0.476,-8.996,0.00
34.19327,-0.494,-8.996,0.00
34.20363,-0.509,-8.911,0.00
34.21394,-0.509,-8.911,0.00
34.22425,-0.509,-8.911,0.00
34.23442,-0.522,-8.843,0.00
34.24797,-0.522,-8.843,0.00
34.26074,-0.532,-8.843,0.00
34.28134,-0.543,-8.744,0.00
34.29150,-0.548,-8.721,0.00
34.30749,-0.559,-8.710,0.00
34.31920,-0.559,-8.710,0.00
34.33541,-0.568,-8.707,0.00
34.34580,-0.568,-8.707,0.00
34.36280,-0.571,-8.732,0.00
34.37318,-0.571,-8.732,0.00
34.38481,-0.571,-8.732,0.00
34.40183,-0.562,-8.755,0.00
34.41210,-0.562,-8.784,0.00
34.42232,-0.552,-8.784,0.00
34.43288,-0.552,-8.822,0.00
34.44315,-0.552,-8.822,0.00
34.45443,-0.541,-8.860,0.00
34.46499,-0.541,-8.860,0.00
34.48175,-0.497,-8.908,0.00
34.49294,-0.497,-8.954,0.00
34.50323,-0.497,-8.954,0.00
34.51474,-0.463,-9.004,0.00
34.52545,-0.441,-9.055,0.00
34.53589,-0.441,-9.055,0.00
34.54624,-0.441,-9.055,0.00
34.55954,-0.421,-9.167,0.00
34.57152,-0.400,-9.167,0.00
34.58725,-0.400,-9.233,0.00
34.60430,-0.386,-9.233,0.00
34.61537,-0.376,-9.233,0.00
34.62596,-0.369,-9.287,0.00
34.63698,-0.369,-9.339,0.00
34.64770,-0.362,-9.379,0.00
34.65873,-0.362,-9.379,0.00
34.67446,-0.362,-9.421,0.00
34.68493,-0.355,-9.453,0.00
34.69578,-0.349,-9.453,0.00
34.72319,-0.346,-9.482,0.00
34.73887,-0.351,-9.512,0.00
34.75458,-0.356,-9.541,0.00
34.77213,-0.362,-9.569,0.00
34.79157,-0.369,-9.597,0.00
34.80980,-0.369,-9.615,0.00
34.82147,-0.374,-9.615,0.00
34.84153,-0.382,-9.630,0.00
34.88202,-0.396,-9.662,0.00
34.90916,-0.395,-9.688,0.00
34.91984,-0.395,-9.722,0.00
34.93584,-0.387,-9.759,0.00
34.94649,-0.387,-9.759,0.00
34.96283,-0.373,-9.759,0.00
34.97826,-0.357,-9.823,0.00
34.98939,-0.357,-9.823,0.00
35.00148,-0.333,-9.823,0.00
35.01302,-0.333,-9.823,0.00
35.02499,-0.287,-9.859,0.00
35.04186,-0.287,-9.859,0.00
35.05914,-0.266,-9.864,0.00
35.07175,-0.254,-9.872,0.00
35.08714,-0.245,-9.872,0.00
35.09782,-0.245,-9.872,0.00
35.10885,-0.245,-9.872,0.00
35.11978,-0.239,-9.872,0.00
35.13122,-0.239,-9.872,0.00
35.15740,-0.233,-9.890,0.00
35.17345,-0.234,-9.892,0.00
35.18897,-0.243,-9.895,0.00
35.22539,-0.256,-9.896,0.00
35.23661,-0.268,-9.909,0.00
35.29434,-0.295,-9.916,0.00
35.35197,-0.295,-9.916,0.00
35.36917,0.023,-0.363,0.00
35.37964,0.023,-0.363,0.00
35.38980,0.014,-0.367,0.00
35.40011,0.014,-0.367,0.00
35.41027,0.014,-0.375,0.00
35.42043,0.014,-0.375,0.00
35.43060,0.014,-0.375,0.00
35.44083,0.064,-0.379,0.00
35.45120,0.029,-0.389,0.00
35.46170,0.029,-0.389,0.00
35.47191,0.020,-0.401,0.00
35.48228,0.020,-0.401,0.00
35.49245,0.009,-0.411,0.00
35.50261,0.009,-0.411,0.00
35.51277,0.003,-0.419,0.00
35.52291,0.003,-0.419,0.00
35.53312,0.003,-0.419,0.00
35.54327,-0.000,-0.425,0.00
35.55343,-0.000,-0.431,0.00
35.56359,0.097,-0.439,0.00
35.57395,0.097,-0.439,0.00
35.58449,0.049,-0.446,0.00
35.59465,0.049,-0.446,0.00
35.60621,0.058,-0.457,0.00
35.61812,0.058,-0.457,0.00
35.62755,0.053,-0.469,0.00
35.63838,0.053,-0.469,0.00
35.64855,0.046,-0.483,0.00
35.65871,0.046,-0.483,0.00
35.66980,0.041,-0.498,0.00
35.68000,0.047,-0.498,0.00
35.69016,0.047,-0.517,0.00
35.70034,0.047,-0.517,0.00
35.71053,0.055,-0.530,0.00
35.72070,0.055,-0.530,0.00
35.73086,0.059,-0.542,0.00
35.74102,0.059,-0.555,0.00
35.75117,0.065,-0.555,0.00
35.76130,0.065,-0.563,0.00
35.77145,0.075,-0.563,0.00
35.78180,0.075,-0.563,0.00
35.79195,0.083,-0.566,0.00
35.80210,0.094,-0.565,0.00
35.81228,0.094,-0.565,0.00
35.82249,0.107,-0.565,0.00
35.83261,0.107,-0.564,0.00
35.84276,0.107,-0.564,0.00
35.85292,0.116,-0.566,0.00
35.86307,0.131,-0.566,0.00
35.87324,0.131,-0.569,0.00
35.88346,0.145,-0.569,0.00
35.89393,0.145,-0.570,0.00
35.90435,0.145,-0.570,0.00
35.91451,0.145,-0.570,0.00
35.92467,0.145,-0.570,0.00
35.93482,0.145,-0.570,0.00
35.94497,0.145,-0.570,0.00
35.95548,0.145,-0.571,0.00
35.97022,0.162,-0.572,0.00
35.98037,0.187,-0.569,0.00
35.99074,0.187,-0.565,0.00
36.00092,0.187,-0.565,0.00
36.01107,0.199,-0.560,0.00
36.02123,0.199,-0.555,0.00
36.03139,0.207,-0.555,0.00
36.04155,0.207,-0.552,0.00
36.05176,0.210,-0.552,0.00
36.06191,0.213,-0.552,0.00
36.07206,0.213,-0.552,0.00
36.08220,0.213,-0.549,0.00
36.09236,0.217,-0.549,0.00
36.10251,0.219,-0.549,0.00
36.11268,0.219,-0.554,0.00
36.12282,0.219,-0.554,0.00
36.13297,0.222,-0.555,0.00
36.14312,0.231,-0.558,0.00
36.15327,0.231,-0.558,0.00
36.16368,0.234,-0.562,0.00
36.17499,0.234,-0.562,0.00
36.18728,0.236,-0.567,0.00
36.19746,0.236,-0.567,0.00
36.20771,0.241,-0.573,0.00
36.21787,0.241,-0.573,0.00
36.22805,0.248,-0.583,0.00
36.23820,0.248,-0.583,0.00
36.24831,0.256,-0.592,0.00
36.25847,0.256,-0.592,0.00
36.26867,0.263,-0.599,0.00
36.27943,0.263,-0.599,0.00
36.28969,0.271,-0.605,0.00
36.30003,0.271,-0.605,0.00
36.31019,0.276,-0.612,0.00
36.32035,0.276,-0.612,0.00
36.33051,0.280,-0.621,0.00
36.34067,0.283,-0.621,0.00
36.35082,0.283,-0.633,0.00
36.36099,0.283,-0.633,0.00
36.37114,0.287,-0.647,0.00
36.38135,0.287,-0.647,0.00
36.39149,0.295,-0.662,0.00
36.40169,0.304,-0.674,0.00
36.41186,0.304,-0.674,0.00
36.42202,0.304,-0.682,0.00
36.43219,0.310,-0.682,0.00
36.44235,0.319,-0.682,0.00
36.45257,0.319,-0.686,0.00
36.46272,0.319,-0.686,0.00
36.47287,0.324,-0.692,0.00
36.48304,0.329,-0.692,0.00
36.49320,0.329,-0.697,0.00
36.50375,0.329,-0.697,0.00
36.51390,0.331,-0.700,0.00
36.52467,0.333,-0.701,0.00
36.53483,0.333,-0.701,0.00
36.54499,0.330,-0.698,0.00
36.55515,0.330,-0.698,0.00
36.56530,0.328,-0.696,0.00
36.57549,0.328,-0.696,0.00
36.58572,0.327,-0.691,0.00
36.59586,0.327,-0.691,0.00
36.60602,0.326,-0.687,0.00
36.61618,0.326,-0.687,0.00
36.62636,0.326,-0.687,0.00
36.63653,0.322,-0.688,0.00
36.64669,0.314,-0.687,0.00
36.65685,0.314,-0.687,0.00
36.66704,0.304,-0.685,0.00
36.67892,0.304,-0.685,0.00
36.68908,0.304,-0.679,0.00
36.69926,0.304,-0.679,0.00
36.70972,0.314,-0.668,0.00
36.72004,0.314,-0.668,0.00
36.73037,0.340,-0.654,0.00
36.74069,0.340,-0.637,0.00
36.75089,0.384,-0.637,0.00
36.76105,0.444,-0.637,0.00
36.77122,0.444,-0.623,0.00
36.78149,0.444,-0.623,0.00
36.79191,0.525,-0.608,0.00
36.80206,0.611,-0.608,0.00
36.81223,0.611,-0.595,0.00
36.82262,0.611,-0.595,0.00
36.83300,0.801,-0.586,0.00
36.84316,1.190,-0.581,0.00
36.85332,1.190,-0.581,0.00
36.86349,1.190,-0.581,0.00
36.87365,1.418,-0.574,0.00
36.88381,1.418,-0.574,0.00
36.89396,1.783,-0.566,0.00
36.90411,1.783,-0.566,0.00
36.91427,2.134,-0.559,0.00
36.92450,2.559,-0.555,0.00
36.93478,2.559,-0.555,0.00
36.94525,2.936,-0.545,0.00
36.95544,2.936,-0.545,0.00
36.96584,3.337,-0.545,0.00
36.97599,3.337,-0.538,0.00
36.98626,3.805,-0.529,0.00
36.99651,3.805,-0.529,0.00
37.00708,4.288,-0.510,0.00
37.01777,4.288,-0.510,0.00
37.02791,4.288,-0.510,0.00
37.03836,4.748,-0.486,0.00
37.04859,5.301,-0.463,0.00
37.05887,5.301,-0.463,0.00
37.06922,5.908,-0.454,0.00
37.07961,5.908,-0.454,0.00
37.08976,6.558,-0.443,0.00
37.09991,6.558,-0.443,0.00
37.11012,7.228,-0.431,0.00
37.12043,7.228,-0.421,0.00
37.13084,7.910,-0.421,0.00
37.14114,8.607,-0.421,0.00
37.15130,8.607,-0.408,0.00
37.16145,8.607,-0.408,0.00
37.17161,9.318,-0.389,0.00
37.18176,10.057,-0.389,0.00
37.19827,10.057,-0.363,0.00
37.20850,10.814,-0.343,0.00
37.21883,10.814,-0.343,0.00
37.22994,11.551,-0.343,10.00
37.24020,11.551,-0.327,10.00
37.25078,12.308,-0.318,10.00
37.26492,12.308,-0.318,10.00
37.27508,13.079,-0.315,10.00
37.28526,13.744,-0.315,10.00
37.29711,13.744,-0.315,10.00
37.30769,14.503,-0.311,10.00
37.31923,14.503,-0.311,10.00
37.32941,15.248,-0.307,10.00
37.33957,15.248,-0.307,10.00
37.34982,15.959,-0.300,10.00
37.37475,16.591,-0.295,10.00
37.38508,17.235,-0.289,10.00
37.40544,17.235,-0.289,10.00
37.41589,17.907,-0.278,10.00
37.43918,18.553,-0.262,10.00
37.44948,19.164,-0.245,10.00
37.47051,19.739,-0.245,10.00
37.48076,19.739,-0.196,10.00
37.50202,19.739,-0.196,10.00
37.51220,19.739,0.052,10.00
37.52308,20.699,0.365,10.00
37.53361,20.699,0.365,10.00
37.54366,21.394,0.619,10.00
37.55384,21.394,0.619,10.00
37.56554,21.621,0.619,10.50
37.57572,21.621,0.948,10.50
37.58587,21.750,0.948,10.50
37.59799,21.750,1.296,10.50
37.60815,21.808,1.605,10.50
37.61850,21.808,1.605,10.50
37.63094,21.795,1.878,10.50
37.64128,21.795,1.878,10.50
37.65146,21.795,1.878,10.50
37.67721,21.795,1.878,10.50
37.68764,21.178,2.949,10.50
37.70967,21.178,2.949,10.50
37.72016,20.820,3.358,10.50
37.74285,20.395,4.215,10.50
37.75305,19.892,4.215,10.50
37.77325,19.892,4.613,11.00
37.78346,18.630,4.949,11.00
37.79370,18.630,4.949,11.00
37.80574,18.630,4.949,11.00
37.81608,17.884,5.279,11.00
37.82623,17.078,5.615,11.00
37.83966,17.078,5.615,11.00
37.84994,16.208,5.925,11.00
37.86009,16.208,5.925,11.00
37.87033,16.208,5.925,11.00
37.88065,16.208,5.925,11.00
37.89085,16.208,5.925,11.00
37.90640,15.302,5.925,11.50
37.91665,13.387,6.899,11.50
37.92718,12.338,7.318,11.50
37.93744,12.338,7.318,11.50
37.94773,11.251,7.713,11.50
37.95799,11.251,7.713,11.50
37.98206,11.251,8.058,11.50
37.99235,8.970,8.401,11.50
38.01547,7.792,8.782,12.00
38.02563,6.602,9.122,12.00
38.04644,5.441,9.529,12.00
38.05665,5.441,9.529,12.00
38.07846,4.347,9.996,12.00
38.08862,4.347,10.471,12.00
38.09897,3.374,10.471,12.00
38.10966,2.421,10.471,12.00
38.12000,1.634,10.966,12.00
38.13032,1.634,11.447,12.00
38.14212,0.850,11.899,12.50
38.15315,0.850,11.899,12.50
38.16329,0.328,11.899,12.50
38.17371,0.328,12.323,12.50
38.18401,0.153,12.616,12.50
38.19428,0.153,12.616,12.50
38.20597,0.131,12.855,12.50
38.21614,0.131,12.855,12.50
38.22872,0.325,13.102,12.50
38.23900,0.325,13.102,13.00
38.24909,0.556,13.319,13.00
38.26041,0.556,13.319,13.00
38.28568,0.792,13.499,13.00
38.29587,0.858,13.697,13.00
38.31946,0.858,13.697,13.00
38.32967,0.820,13.896,13.00
38.34923,0.700,14.119,13.50
38.35940,0.543,14.321,13.50
38.38284,0.396,14.521,13.50
38.39319,0.258,14.715,13.50
38.41379,0.147,14.893,13.50
38.42397,0.147,14.893,13.50
38.43414,0.133,15.070,13.50
38.44563,0.133,15.070,14.00
38.45582,0.134,15.251,14.00
38.46601,0.125,15.429,14.00
38.47965,0.125,15.429,14.00
38.48983,0.237,15.665,14.00
38.49999,0.237,15.665,14.00
38.51015,0.409,15.894,14.00
38.52049,0.607,16.142,14.00
38.53075,0.607,16.142,14.00
38.54199,0.607,16.446,14.00
38.55232,0.834,16.446,14.00
38.56252,0.834,16.801,14.00
38.57381,1.049,16.801,14.00
38.58400,1.252,17.158,14.00
38.59437,1.252,17.158,14.00
38.62136,1.252,17.158,14.50
38.63156,1.548,17.759,14.50
38.65411,1.548,18.052,14.50
38.66437,1.638,18.288,14.50
38.68603,1.681,18.288,14.50
38.69628,1.680,18.563,14.50
38.70644,1.680,18.563,14.50
38.71799,1.632,18.563,14.50
38.72832,1.557,19.308,14.50
38.73847,1.557,19.308,14.50
38.75443,1.557,19.672,14.50
38.76692,1.337,20.044,14.50
38.78208,1.337,20.044,15.00
38.79224,1.186,20.429,15.00
38.80239,1.022,20.429,15.00
38.81428,1.022,20.793,15.00
38.82450,1.022,20.793,15.00
38.83479,0.851,21.045,15.00
38.84579,0.715,21.259,15.00
38.85595,0.715,21.259,15.00
38.86622,0.627,21.448,15.00
38.89498,0.567,21.608,15.00
38.90634,0.518,21.772,15.00
38.92529,0.518,21.772,15.00
38.93546,0.481,21.970,15.00
38.95819,0.471,22.189,15.00
38.96865,0.472,22.488,15.00
38.97994,0.472,22.488,15.00
38.99015,0.472,22.488,15.00
39.00032,0.481,22.714,15.00
39.01128,0.502,22.920,15.00
39.02211,0.502,22.920,15.00
39.03228,0.536,23.123,15.00
39.04248,0.536,23.123,15.00
39.05381,0.536,23.310,15.00
39.06414,0.583,23.507,15.00
39.07434,0.637,23.507,15.00
39.08625,0.701,23.733,15.00
39.09659,0.701,23.733,15.00
39.10697,0.771,23.965,15.00
39.13390,0.841,23.965,15.00
39.14418,0.906,24.251,15.00
39.16670,0.948,24.251,15.00
39.17689,0.948,24.300,15.00
39.19742,0.994,24.300,15.00
39.20761,1.026,24.274,15.00
39.22996,1.026,24.281,15.00
39.24013,1.058,24.281,15.00
39.26261,1.097,24.320,15.00
39.27287,1.097,24.372,15.00
39.28301,1.093,24.372,15.00
39.29430,1.093,24.443,15.00
39.30446,1.074,24.520,15.00
39.31468,1.074,24.520,15.00
39.32552,1.049,24.520,15.00
39.33587,1.049,24.596,15.00
39.34615,1.013,24.672,15.00
39.35753,1.013,24.672,15.00
39.36771,0.979,24.672,15.00
39.37787,0.979,24.751,15.00
39.39011,0.947,24.823,15.00
39.40176,0.947,24.823,15.00
39.41218,0.919,24.918,15.00
39.42249,0.901,25.005,15.00
39.43264,0.901,25.005,15.00
39.44284,0.901,25.005,15.00
39.47051,0.884,25.208,15.00
39.48076,0.878,25.208,15.00
39.50429,0.869,25.381,15.00
39.51448,0.869,25.381,15.00
39.53407,0.868,25.457,15.00
39.54466,0.867,25.543,15.00
39.56647,0.867,25.543,15.00
39.57675,0.870,25.621,15.00
39.58711,0.876,25.693,15.00
39.59830,0.876,25.693,15.00
39.60930,0.882,25.775,15.00
39.62057,0.882,25.775,15.00
39.63074,0.891,25.822,15.00
39.64089,0.894,25.868,15.00
39.65106,0.894,25.868,15.00
39.66123,0.894,25.868,0.00
39.67139,0.899,25.907,0.00
39.68291,0.899,25.907,0.00
39.69306,0.894,25.942,0.00
39.70332,0.894,25.942,0.00
39.71347,0.890,25.977,0.00
39.72364,0.890,25.977,0.00
39.73382,0.873,25.997,0.00
39.74412,0.831,26.027,0.00
39.75446,0.831,26.027,0.00
39.76576,0.728,26.049,0.00
39.77592,0.728,26.049,0.00
39.78609,0.540,26.068,0.00
39.79625,0.540,26.068,0.00
39.80642,0.249,26.092,0.00
39.81814,0.249,26.092,0.00
39.82830,-0.078,26.109,0.00
39.83847,-0.078,26.109,0.00
39.84864,-0.270,26.139,0.00
39.85996,-0.270,26.139,0.00
39.87012,-0.453,26.158,0.00
39.88028,-0.601,26.158,0.00
39.89057,-0.601,26.181,0.00
39.90080,-0.601,26.181,0.00
39.91102,-0.750,26.203,0.00
39.92123,-0.750,26.203,0.00
39.93139,-0.894,26.219,0.00
39.94155,-0.894,26.219,0.00
39.95171,-1.016,26.172,0.00
39.96186,-1.016,26.172,0.00
39.97209,-1.037,26.021,0.00
39.98229,-1.072,25.651,0.00
39.99246,-1.072,25.651,0.00
40.00263,-1.100,24.943,0.00
40.01280,-1.100,24.943,0.00
40.02296,-1.100,24.943,0.00
40.03312,-1.147,23.951,0.00
40.04329,-1.177,22.792,0.00
40.05344,-1.177,22.792,0.00
40.06369,-1.226,21.604,0.00
40.07402,-1.226,21.604,0.00
40.08431,-1.240,20.362,0.00
40.09466,-1.240,20.362,0.00
40.10484,-1.233,18.866,0.00
40.11520,-1.233,18.866,0.00
40.12548,-1.205,17.542,0.00
40.13584,-1.205,17.542,0.00
40.14600,-1.157,16.269,0.00
40.15618,-1.157,16.269,0.00
40.16634,-1.084,15.153,0.00
40.17651,-1.084,15.153,0.00
40.18790,-0.997,15.153,0.00
40.19810,-0.997,14.206,0.00
40.20856,-0.893,13.259,0.00
40.21884,-0.893,13.259,0.00
40.22939,-0.776,12.294,0.00
40.23955,-0.776,12.294,0.00
40.24971,-0.657,11.357,0.00
40.25986,-0.657,11.357,0.00
40.27004,-0.554,10.339,0.00
40.28055,-0.554,9.664,0.00
40.29114,-0.464,9.664,0.00
40.30133,-0.391,9.225,0.00
40.31149,-0.391,9.225,0.00
40.32171,-0.328,9.225,0.00
40.33186,-0.328,8.945,0.00
40.34202,-0.253,8.945,0.00
40.35218,-0.253,8.747,0.00
40.36233,-0.253,8.747,0.00
40.37276,-0.173,8.508,0.00
40.38328,-0.109,8.336,0.00
40.39376,-0.109,8.336,0.00
40.40393,-0.077,8.248,0.00
40.41409,-0.077,8.248,0.00
40.42436,-0.077,8.248,0.00
40.43453,-0.077,8.242,0.00
40.44473,-0.128,8.297,0.00
40.45552,-0.128,8.297,0.00
40.46575,-0.215,8.433,0.00
40.47591,-0.215,8.433,0.00
40.48607,-0.331,8.564,0.00
40.49623,-0.331,8.564,0.00
40.50639,-0.468,8.583,0.00
40.51668,-0.468,8.583,0.00
40.52782,-0.603,8.437,0.00
40.53798,-0.603,8.437,0.00
40.54813,-0.721,8.274,0.00
40.55829,-0.721,8.274,0.00
40.56859,-0.815,8.081,0.00
40.57887,-0.815,8.081,0.00
40.58925,-0.886,7.793,0.00
40.59953,-0.886,7.632,0.00
40.60973,-0.949,7.632,0.00
40.61989,-0.949,7.632,0.00
40.63004,-1.018,7.531,0.00
40.64020,-1.018,7.531,0.00
40.65043,-1.086,7.416,0.00
40.66077,-1.086,7.262,0.00
40.67127,-1.153,7.262,0.00
40.68309,-1.153,7.262,0.00
40.69329,-1.214,7.118,0.00
40.70345,-1.257,6.916,0.00
40.71371,-1.257,6.916,0.00
40.72387,-1.289,6.916,0.00
40.73455,-1.289,6.613,0.00
40.74490,-1.307,6.613,0.00
40.75525,-1.307,6.338,0.00
40.76541,-1.307,6.338,0.00
40.77557,-1.305,6.092,0.00
40.78578,-1.305,6.092,0.00
40.79594,-1.291,5.843,0.00
40.80609,-1.268,5.752,0.00
40.81625,-1.268,5.752,0.00
40.82641,-1.233,5.720,0.00
40.83657,-1.233,5.720,0.00
40.84672,-1.187,5.751,0.00
40.85730,-1.187,5.751,0.00
40.86752,-1.141,5.787,0.00
40.87784,-1.141,5.787,0.00
40.88801,-1.141,5.787,0.00
40.89827,-1.107,5.818,0.00
40.90843,-1.087,5.871,0.00
40.91866,-1.087,5.871,0.00
40.92882,-1.087,5.871,0.00
40.93899,-1.087,5.871,0.00
40.94915,-1.072,5.863,0.00
40.95934,-1.072,5.863,0.00
40.96985,-1.072,5.863,0.00
40.98026,-1.072,5.863,0.00
40.99042,-1.030,5.860,0.00
41.00065,-0.995,5.813,0.00
41.01120,-0.965,5.702,0.00
41.02153,-0.965,5.702,0.00
41.03185,-0.936,5.597,0.00
41.04218,-0.936,5.597,0.00
41.05249,-0.936,5.597,0.00
41.06279,-0.936,5.597,0.00
41.07294,-0.936,5.597,0.00
41.08310,-0.936,5.597,0.00
41.09325,-0.936,5.597,0.00
41.10353,-0.936,5.597,0.00
41.11370,-0.898,5.331,0.00
41.12385,-0.899,5.153,0.00
41.13447,-0.899,5.153,0.00
41.14492,-0.915,4.839,0.00
41.15525,-0.945,4.511,0.00
41.17901,-0.993,4.160,0.00
41.20987,-1.013,3.397,0.00
41.22276,-1.013,3.397,0.00
41.23849,-1.025,3.273,0.00
41.26258,-1.051,3.315,0.00
41.28062,-1.067,3.543,0.00
41.29161,-1.067,3.543,0.00
41.30258,-1.067,3.592,0.00
41.33462,-1.087,3.631,0.00
41.34586,-1.090,3.653,0.00
41.35695,-1.090,3.653,0.00
41.36800,-1.083,3.652,0.00
41.37993,-1.071,3.652,0.00
41.39062,-1.071,3.638,0.00
41.40079,-1.057,3.638,0.00
41.41173,-1.057,3.615,0.00
41.43264,-1.048,3.625,0.00
41.44851,-1.029,3.625,0.00
41.45922,-1.029,3.647,0.00
41.47229,-1.013,3.647,0.00
41.48365,-0.996,3.647,0.00
41.49497,-0.996,3.639,0.00
41.51744,-0.982,3.639,0.00
41.53351,-0.970,3.648,0.00
41.54472,-0.956,3.648,0.00
41.56195,-0.941,3.600,0.00
41.57222,-0.941,3.600,0.00
41.58274,-0.941,3.598,0.00
41.59292,-0.928,3.598,0.00
41.61038,-0.917,3.625,0.00
41.64152,-0.911,3.667,0.00
41.66193,-0.914,3.704,0.00
41.67916,-0.914,3.743,0.00
41.69031,-0.920,3.784,0.00
41.70648,-0.924,3.784,0.00
41.72248,-0.924,3.837,0.00
41.73410,-0.924,3.864,0.00
41.75124,-0.923,3.869,0.00
41.76801,-0.924,3.885,0.00
41.77877,-0.924,3.885,0.00
41.79248,-0.923,3.904,0.00
41.80267,-0.923,3.904,0.00
41.84023,-0.913,3.914,0.00
41.85612,-0.908,3.914,0.00
41.87072,-0.900,3.927,0.00
41.88737,-0.900,3.918,0.00
41.90045,-0.891,3.918,0.00
41.91617,-0.882,3.908,0.00
41.93200,-0.882,3.915,0.00
41.94798,-0.864,3.915,0.00
41.96061,-0.864,3.915,0.00
41.97654,-0.859,3.903,0.00
42.00478,-0.860,3.887,0.00
42.03033,-0.853,3.889,0.00
42.04049,-0.853,3.889,0.00
42.05121,-0.841,3.889,0.00
42.06806,-0.841,3.881,0.00
42.10015,-0.827,3.883,0.00
42.12189,-0.827,3.873,0.00
42.13227,-0.827,3.873,0.00
42.14261,-0.829,3.859,0.00
42.15278,-0.829,3.859,0.00
42.21749,-0.829,3.859,0.00
42.22771,-0.834,3.827,0.00
42.28255,-0.853,3.810,0.00
42.29587,0.064,-0.046,0.00
42.30668,0.058,-0.044,0.00
42.31707,0.058,-0.044,0.00
42.32738,0.049,-0.046,0.00
42.33751,0.049,-0.046,0.00
42.34935,0.041,-0.041,0.00
42.35951,0.041,-0.041,0.00
42.36973,0.034,-0.027,0.00
42.37988,0.034,-0.027,0.00
42.39004,0.026,-0.002,0.00
42.40020,0.026,-0.002,0.00
42.41036,0.021,0.031,0.00
42.42148,0.021,0.031,0.00
42.43175,0.021,0.071,0.00
42.44190,0.021,0.071,0.00
42.45206,0.021,0.125,0.00
42.46223,0.021,0.186,0.00
42.47255,0.025,0.186,0.00
42.48270,0.025,0.243,0.00
42.49286,0.031,0.243,0.00
42.50347,0.031,0.292,0.00
42.51376,0.042,0.292,0.00
42.52403,0.053,0.312,0.00
42.53443,0.053,0.312,0.00
42.54470,0.065,0.335,0.00
42.55509,0.065,0.335,0.00
42.56601,0.075,0.363,0.00
42.57638,0.075,0.363,0.00
42.58669,0.083,0.393,0.00
42.59715,0.083,0.393,0.00
42.60733,0.093,0.417,0.00
42.61832,0.093,0.417,0.00
42.62852,0.101,0.420,0.00
42.63879,0.101,0.420,0.00
42.64925,0.109,0.423,0.00
42.65948,0.109,0.423,0.00
42.67065,0.119,0.428,0.00
42.68081,0.131,0.424,0.00
42.69102,0.131,0.424,0.00
42.70237,0.131,0.424,0.00
42.71253,0.136,0.416,0.00
42.72292,0.136,0.409,0.00
42.73350,0.136,0.409,0.00
42.74381,0.136,0.408,0.00
42.75417,0.136,0.408,0.00
42.76442,0.146,0.408,0.00
42.77458,0.146,0.411,0.00
42.78474,0.158,0.411,0.00
42.79489,0.158,0.415,0.00
42.80505,0.168,0.418,0.00
42.81520,0.168,0.418,0.00
42.82537,0.168,0.418,0.00
42.83553,0.177,0.418,0.00
42.84573,0.177,0.418,0.00
42.85589,0.177,0.423,0.00
42.86605,0.174,0.432,0.00
42.87622,0.174,0.432,0.00
42.88641,0.171,0.441,0.00
42.89657,0.171,0.441,0.00
42.90674,0.166,0.450,0.00
42.91880,0.166,0.450,0.00
42.92919,0.164,0.449,0.00
42.94101,0.164,0.449,0.00
42.95118,0.166,0.450,0.00
42.96139,0.166,0.450,0.00
42.97150,0.166,0.452,0.00
42.98170,0.166,0.452,0.00
42.99185,0.163,0.458,0.00
43.00200,0.163,0.465,0.00
43.01220,0.163,0.465,0.00
43.02236,0.167,0.475,0.00
43.03252,0.167,0.475,0.00
43.04273,0.170,0.475,0.00
43.05333,0.170,0.488,0.00
43.06410,0.170,0.495,0.00
43.07495,0.172,0.495,0.00
43.08741,0.171,0.493,0.00
43.09779,0.171,0.493,0.00
43.10806,0.166,0.490,0.00
43.11824,0.166,0.490,0.00
43.12891,0.163,0.482,0.00
43.13906,0.163,0.482,0.00
43.14923,0.162,0.456,0.00
43.16188,0.162,0.456,0.00
43.17205,0.166,0.432,0.00
43.18219,0.171,0.414,0.00
43.19235,0.171,0.414,0.00
43.20251,0.171,0.414,0.00
43.21269,0.176,0.407,0.00
43.22288,0.176,0.410,0.00
43.23299,0.181,0.410,0.00
43.24314,0.181,0.416,0.00
43.25331,0.185,0.416,0.00
43.26347,0.185,0.423,0.00
43.27372,0.189,0.423,0.00
43.28388,0.192,0.431,0.00
43.29409,0.192,0.431,0.00
43.30444,0.192,0.431,0.00
43.31457,0.196,0.430,0.00
43.32482,0.201,0.418,0.00
43.33500,0.201,0.418,0.00
43.34527,0.206,0.408,0.00
43.35543,0.206,0.408,0.00
43.36579,0.206,0.408,0.00
43.37595,0.211,0.400,0.00
43.38613,0.220,0.393,0.00
43.39638,0.220,0.393,0.00
43.40662,0.231,0.392,0.00
43.41695,0.231,0.392,0.00
43.42719,0.239,0.395,0.00
43.43736,0.239,0.395,0.00
43.44753,0.245,0.394,0.00
43.45768,0.245,0.394,0.00
43.46782,0.248,0.393,0.00
43.47797,0.248,0.393,0.00
43.48823,0.260,0.391,0.00
43.49843,0.260,0.391,0.00
43.50877,0.281,0.385,0.00
43.51895,0.281,0.385,0.00
43.52911,0.296,0.380,0.00
43.53927,0.296,0.380,0.00
43.54949,0.296,0.376,0.00
43.55980,0.303,0.378,0.00
43.56993,0.306,0.378,0.00
43.58008,0.306,0.378,0.00
43.59024,0.303,0.379,0.00
43.60046,0.303,0.379,0.00
43.61062,0.299,0.369,0.00
43.62077,0.299,0.369,0.00
43.63092,0.298,0.357,0.00
43.64107,0.298,0.357,0.00
43.65122,0.295,0.348,0.00
43.66152,0.295,0.348,0.00
43.67168,0.295,0.345,0.00
43.68182,0.296,0.336,0.00
43.69197,0.296,0.336,0.00
43.70235,0.289,0.323,0.00
43.71260,0.289,0.323,0.00
43.72281,0.286,0.323,0.00
43.73293,0.286,0.306,0.00
43.74318,0.286,0.306,0.00
43.75325,0.287,0.292,0.00
43.76347,0.292,0.292,0.00
43.77364,0.292,0.280,0.00
43.78394,0.295,0.280,0.00
43.79449,0.295,0.265,0.00
43.80476,0.296,0.249,0.00
43.81500,0.296,0.249,0.00
43.82526,0.295,0.236,0.00
43.83544,0.295,0.236,0.00
43.84574,0.292,0.218,0.00
43.85590,0.292,0.218,0.00
43.86606,0.290,0.196,0.00
43.87631,0.290,0.196,0.00
43.88716,0.293,0.172,0.00
43.89745,0.293,0.172,0.00
43.90786,0.300,0.141,0.00
43.92065,0.300,0.141,0.00
43.93082,0.313,0.111,0.00
43.94100,0.313,0.087,0.00
43.95116,0.335,0.087,0.00
43.96133,0.335,0.044,0.00
43.97149,0.376,0.044,0.00
43.98167,0.376,0.044,0.00
43.99184,0.457,0.001,0.00
44.00222,0.537,-0.037,0.00
44.01269,0.537,-0.037,0.00
44.02284,0.537,-0.082,0.00
44.03301,0.608,-0.082,0.00
44.04318,0.718,-0.132,0.00
44.05334,0.718,-0.132,0.00
44.06352,0.718,-0.132,0.00
44.07382,0.933,-0.171,0.00
44.08419,1.089,-0.208,0.00
44.09455,1.089,-0.208,0.00
44.10485,1.293,-0.208,0.00
44.11501,1.293,-0.232,0.00
44.12517,1.293,-0.232,0.00
44.13546,1.551,-0.244,0.00
44.14597,1.810,-0.244,0.00
44.15618,1.810,-0.244,0.00
44.16699,2.122,-0.258,0.00
44.17734,2.122,-0.258,0.00
44.18750,2.445,-0.280,0.00
44.19784,2.445,-0.280,0.00
44.20799,2.794,-0.285,0.00
44.21817,2.794,-0.285,0.00
44.22851,3.174,-0.272,0.00
44.23880,3.174,-0.272,0.00
44.24904,3.510,-0.261,0.00
44.25920,3.510,-0.261,0.00
44.26936,3.817,-0.264,0.00
44.27969,3.817,-0.264,0.00
44.28984,4.138,-0.259,0.00
44.30000,4.138,-0.259,0.00
44.31018,4.500,-0.252,0.00
44.32035,4.500,-0.252,0.00
44.33056,4.949,-0.234,0.00
44.34064,4.949,-0.234,0.00
44.35080,5.471,-0.221,0.00
44.36128,6.042,-0.206,0.00
44.37166,6.042,-0.206,0.00
44.38215,6.042,-0.187,0.00
44.39243,6.673,-0.187,0.00
44.40277,6.673,-0.167,0.00
44.41326,7.315,-0.167,0.00
44.42379,7.315,-0.145,0.00
44.43395,8.024,-0.145,0.00
44.44427,8.024,-0.125,0.00
44.45477,8.800,-0.125,0.00
44.46497,8.800,-0.125,0.00
44.47512,9.570,-0.109,0.00
44.48532,10.381,-0.091,0.00
44.49571,10.381,-0.091,0.00
44.50588,11.190,-0.078,0.00
44.51606,11.190,-0.078,0.00
44.54115,11.190,-0.078,10.00
44.55133,12.829,-0.035,10.00
44.57385,12.829,-0.035,10.00
44.58406,13.617,-0.015,10.00
44.60749,15.128,0.027,10.00
44.61801,15.128,0.027,10.00
44.63806,15.796,0.051,10.00
44.64847,16.418,0.071,10.00
44.65879,16.418,0.071,10.00
44.66976,17.003,0.071,10.00
44.68009,17.003,0.094,10.00
44.69040,17.542,0.116,10.00
44.70194,18.007,0.134,10.00
44.71210,18.007,0.134,10.00
44.72227,18.007,0.151,10.00
44.73396,18.395,0.151,10.00
44.74469,18.395,0.151,10.00
44.75502,18.688,0.184,10.00
44.76772,18.872,0.351,10.00
44.77818,18.872,0.351,10.00
44.78872,18.959,0.521,10.00
44.81456,18.971,0.753,10.00
44.82471,18.971,0.753,10.00
44.84511,18.971,0.753,10.00
44.85529,18.757,1.460,10.00
44.87961,18.557,2.178,10.50
44.88978,18.246,2.178,10.50
44.90909,18.246,2.178,10.50
44.91926,17.858,2.493,10.50
44.92942,17.390,2.824,10.50
44.94328,17.390,2.824,10.50
44.95345,16.821,3.232,10.50
44.96387,16.141,3.599,10.50
44.97419,16.141,3.599,10.50
44.98448,16.141,4.014,10.50
44.99465,15.372,4.014,10.50
45.00597,14.533,4.426,10.50
45.01617,14.533,4.426,10.50
45.02656,13.653,4.837,10.50
45.03773,13.653,4.837,10.50
45.04798,12.742,5.203,10.50
45.05836,12.742,5.203,10.50
45.08615,10.861,5.867,11.00
45.09640,10.861,5.867,11.00
45.11817,10.861,6.434,11.00
45.12834,8.898,6.434,11.00
45.14929,8.898,6.434,11.00
45.15951,7.865,6.652,11.00
45.16974,6.813,6.886,11.00
45.18361,6.813,6.886,11.00
45.19380,5.814,7.130,11.00
45.20397,4.928,7.385,11.00
45.21525,4.928,7.385,11.50
45.22578,4.247,7.641,11.50
45.23779,4.247,7.641,11.50
45.24796,3.659,7.873,11.50
45.25811,3.659,7.873,11.50
45.26829,3.037,8.092,11.50
45.27843,3.037,8.092,11.50
45.28859,2.702,8.254,11.50
45.29874,2.702,8.254,11.50
45.30998,2.296,8.393,12.00
45.32030,2.064,8.508,12.00
45.33064,2.064,8.508,12.00
45.35829,1.825,8.508,12.00
45.36846,1.511,8.642,12.00
45.39289,1.313,8.682,12.00
45.40319,1.313,8.682,12.00
45.42185,1.120,8.682,12.00
45.43204,1.120,8.779,12.00
45.45392,1.057,8.844,12.50
45.46426,0.992,8.932,12.50
45.47456,0.992,8.932,12.50
45.48586,0.957,9.037,12.50
45.49611,0.957,9.037,12.50
45.50632,0.957,9.037,12.50
45.51768,0.957,9.146,12.50
45.52795,0.951,9.146,12.50
45.53814,0.969,9.242,12.50
45.55085,0.994,9.344,13.00
45.56094,1.018,9.344,13.00
45.57132,1.018,9.473,13.00
45.58181,1.038,9.473,13.00
45.59204,1.038,9.643,13.00
45.60249,1.046,9.643,13.00
45.62979,1.046,9.984,13.00
45.64113,1.059,9.984,13.00
45.66121,1.087,10.159,13.50
45.67141,1.157,10.344,13.50
45.69417,1.237,10.524,13.50
45.70434,1.306,10.732,13.50
45.72702,1.387,10.958,13.50
45.73735,1.387,10.958,13.50
45.75718,1.487,11.256,14.00
45.76738,1.580,11.526,14.00
45.77755,1.580,11.526,14.00
45.79050,1.649,11.526,14.00
45.80131,1.649,11.823,14.00
45.81161,1.705,12.129,14.00
45.82182,1.705,12.436,14.00
45.83199,1.752,12.436,14.00
45.84238,1.752,12.753,14.00
45.85507,1.769,12.753,14.00
45.86531,1.769,12.753,14.00
45.87551,1.774,13.075,14.00
45.88780,1.749,13.407,14.50
45.89865,1.716,13.407,14.50
45.90888,1.716,13.842,14.50
45.93411,1.693,14.258,14.50
45.94428,1.661,14.680,14.50
45.96531,1.661,14.680,14.50
45.97549,1.626,15.077,14.50
45.99776,1.597,15.465,14.50
46.00792,1.553,15.888,14.50
46.02918,1.553,15.888,14.50
46.03988,1.525,16.342,14.50
46.06185,1.506,16.784,14.50
46.07204,1.506,17.272,14.50
46.08221,1.492,17.272,14.50
46.09416,1.492,17.664,15.00
46.10529,1.484,18.018,15.00
46.11560,1.484,18.018,15.00
46.12748,1.484,18.376,15.00
46.13834,1.484,18.376,15.00
46.14871,1.495,18.697,15.00
46.15887,1.495,18.697,15.00
46.16909,1.520,19.013,15.00
46.17925,1.520,19.013,15.00
46.18943,1.554,19.316,15.00
46.19981,1.554,19.316,15.00
46.21008,1.591,19.570,15.00
46.22169,1.591,19.847,15.00
46.23250,1.630,19.847,15.00
46.24307,1.663,19.847,15.00
46.26965,1.663,20.133,15.00
46.27999,1.688,20.172,15.00
46.30204,1.708,20.172,15.00
46.31232,1.730,20.173,15.00
46.33372,1.756,20.173,15.00
46.34407,1.756,20.158,15.00
46.35537,1.783,20.143,15.00
46.36593,1.783,20.143,15.00
46.37608,1.801,20.151,15.00
46.38655,1.813,20.165,15.00
46.40078,1.813,20.165,15.00
46.41097,1.825,20.189,15.00
46.42113,1.825,20.189,15.00
46.43130,1.833,20.200,15.00
46.44147,1.834,20.190,15.00
46.45187,1.834,20.190,15.00
46.46203,1.833,20.155,15.00
46.47220,1.833,20.155,15.00
46.48252,1.829,20.119,15.00
46.49459,1.829,20.119,15.00
46.50483,1.824,20.099,15.00
46.51519,1.824,20.099,15.00
46.54202,1.828,20.063,15.00
46.55239,1.828,20.063,15.00
46.57419,1.839,20.036,15.00
46.58530,1.857,20.036,15.00
46.60599,1.870,20.003,15.00
46.61629,1.870,20.003,15.00
46.63710,1.888,19.987,15.00
46.64773,1.901,19.977,15.00
46.65820,1.901,19.977,15.00
46.67142,1.916,19.977,15.00
46.68169,1.916,19.972,15.00
46.69184,1.927,19.976,15.00
46.70404,1.941,19.976,15.00
46.71427,1.941,19.974,15.00
46.72457,1.955,19.974,15.00
46.73471,1.955,19.977,15.00
46.74588,1.963,19.981,15.00
46.75607,1.963,19.981,15.00
46.76648,1.975,19.989,15.00
46.77664,1.975,19.989,15.00
46.78683,1.979,19.989,15.00
46.81573,1.987,20.010,15.00
46.82591,1.990,20.018,15.00
46.84661,1.990,20.018,15.00
46.85678,1.986,20.015,15.00
46.87939,1.978,20.015,15.00
46.88978,1.962,20.022,15.00
46.91000,1.962,20.022,15.00
46.92017,1.952,20.026,15.00
46.93033,1.942,20.035,15.00
46.94049,1.942,20.035,0.00
46.95064,1.936,20.054,0.00
46.96080,1.936,20.054,0.00
46.97096,1.932,20.077,0.00
46.98112,1.932,20.077,0.00
46.99129,1.923,20.098,0.00
47.00145,1.923,20.098,0.00
47.01161,1.905,20.123,0.00
47.02176,1.905,20.123,0.00
47.03193,1.859,20.145,0.00
47.04210,1.771,20.161,0.00
47.05273,1.771,20.161,0.00
47.06295,1.771,20.161,0.00
47.07310,1.612,20.176,0.00
47.08328,1.371,20.192,0.00
47.09370,1.371,20.192,0.00
47.10527,1.061,20.216,0.00
47.11542,1.061,20.216,0.00
47.12740,1.061,20.246,0.00
47.13766,0.783,20.246,0.00
47.14781,0.580,20.273,0.00
47.15796,0.580,20.273,0.00
47.16917,0.419,20.298,0.00
47.17932,0.419,20.298,0.00
47.18948,0.320,20.297,0.00
47.19964,0.320,20.297,0.00
47.20979,0.229,20.210,0.00
47.21994,0.229,20.046,0.00
47.23021,0.107,20.046,0.00
47.24051,0.107,20.046,0.00
47.25067,0.017,20.046,0.00
47.26089,0.017,19.675,0.00
47.27103,-0.138,19.016,0.00
47.28121,-0.266,19.016,0.00
47.29136,-0.266,18.077,0.00
47.30152,-0.266,18.077,0.00
47.31168,-0.386,17.008,0.00
47.32183,-0.471,15.962,0.00
47.33216,-0.471,15.962,0.00
47.34231,-0.471,15.962,0.00
47.35249,-0.471,14.914,0.00
47.36265,-0.520,14.914,0.00
47.37282,-0.540,13.699,0.00
47.38298,-0.540,13.699,0.00
47.39313,-0.548,12.633,0.00
47.40328,-0.548,12.633,0.00
47.41340,-0.546,11.628,0.00
47.42357,-0.539,11.628,0.00
47.43374,-0.539,10.699,0.00
47.44437,-0.529,9.815,0.00
47.45484,-0.529,9.815,0.00
47.46502,-0.486,8.879,0.00
47.47533,-0.486,8.879,0.00
47.48548,-0.505,7.841,0.00
47.49564,-0.505,7.841,0.00
47.50580,-0.501,6.756,0.00
47.51600,-0.501,6.756,0.00
47.52764,-0.504,5.639,0.00
47.53779,-0.504,5.639,0.00
47.55049,-0.502,4.696,0.00
47.56066,-0.492,4.696,0.00
47.57307,-0.492,3.747,0.00
47.58323,-0.492,2.774,0.00
47.59339,-0.467,2.774,0.00
47.60357,-0.467,2.774,0.00
47.61380,-0.426,1.800,0.00
47.62396,-0.410,0.819,0.00
47.63413,-0.410,0.819,0.00
47.64622,-0.377,-0.141,0.00
47.65640,-0.377,-0.141,0.00
47.66655,-0.353,-1.013,0.00
47.67671,-0.353,-1.013,0.00
47.68688,-0.331,-1.927,0.00
47.69705,-0.331,-1.927,0.00
47.70745,-0.320,-2.688,0.00
47.71779,-0.320,-2.688,0.00
47.72798,-0.311,-2.688,0.00
47.73817,-0.311,-3.426,0.00
47.74831,-0.309,-4.068,0.00
47.75846,-0.309,-4.068,0.00
47.76869,-0.315,-4.593,0.00
47.77885,-0.315,-4.593,0.00
47.78901,-0.324,-5.033,0.00
47.79938,-0.324,-5.033,0.00
47.80953,-0.340,-5.349,0.00
47.81998,-0.340,-5.349,0.00
47.83015,-0.358,-5.549,0.00
47.84217,-0.358,-5.549,0.00
47.85234,-0.374,-5.673,0.00
47.86250,-0.383,-5.689,0.00
47.87285,-0.383,-5.689,0.00
47.88301,-0.383,-5.649,0.00
47.89346,-0.394,-5.649,0.00
47.90371,-0.408,-5.548,0.00
47.91404,-0.408,-5.548,0.00
47.92440,-0.408,-5.402,0.00
47.93469,-0.425,-5.402,0.00
47.94487,-0.450,-5.402,0.00
47.95505,-0.450,-5.283,0.00
47.96521,-0.471,-5.283,0.00
47.97537,-0.471,-5.178,0.00
47.98628,-0.450,-5.095,0.00
47.99648,-0.450,-5.095,0.00
48.00664,-0.407,-5.032,0.00
48.01699,-0.407,-5.032,0.00
48.02721,-0.442,-4.970,0.00
48.03736,-0.442,-4.970,0.00
48.04757,-0.470,-4.905,0.00
48.05777,-0.470,-4.905,0.00
48.06792,-0.495,-4.834,0.00
48.07807,-0.495,-4.834,0.00
48.08824,-0.520,-4.760,0.00
48.09839,-0.520,-4.760,0.00
48.10861,-0.535,-4.681,0.00
48.11876,-0.535,-4.681,0.00
48.12892,-0.543,-4.590,0.00
48.13943,-0.543,-4.590,0.00
48.14976,-0.548,-4.506,0.00
48.15998,-0.548,-4.506,0.00
48.17030,-0.551,-4.414,0.00
48.18049,-0.551,-4.414,0.00
48.19066,-0.549,-4.336,0.00
48.20080,-0.549,-4.336,0.00
48.21096,-0.533,-4.277,0.00
48.22115,-0.533,-4.277,0.00
48.23131,-0.522,-4.245,0.00
48.24147,-0.505,-4.231,0.00
48.25163,-0.505,-4.231,0.00
48.26185,-0.505,-4.231,0.00
48.27201,-0.480,-4.235,0.00
48.28269,-0.480,-4.235,0.00
48.29284,-0.450,-4.254,0.00
48.30300,-0.450,-4.254,0.00
48.31315,-0.417,-4.273,0.00
48.32330,-0.417,-4.291,0.00
48.33349,-0.379,-4.291,0.00
48.34366,-0.379,-4.291,0.00
48.35381,-0.343,-4.324,0.00
48.36396,-0.343,-4.324,0.00
48.37412,-0.343,-4.324,0.00
48.38427,-0.309,-4.362,0.00
48.39443,-0.273,-4.401,0.00
48.40468,-0.239,-4.439,0.00
48.41486,-0.239,-4.439,0.00
48.42507,-0.239,-4.439,0.00
48.43522,-0.208,-4.478,0.00
48.44700,-0.208,-4.509,0.00
48.45849,-0.183,-4.509,0.00
48.49723,-0.142,-4.561,0.00
48.51323,-0.133,-4.561,0.00
48.52344,-0.133,-4.561,0.00
48.53965,-0.133,-4.585,0.00
48.56067,-0.138,-4.602,0.00
48.57118,-0.138,-4.637,0.00
48.58181,-0.143,-4.637,0.00
48.60097,-0.143,-4.637,0.00
48.61167,-0.143,-4.637,0.00
48.62243,-0.143,-4.637,0.00
48.63388,-0.143,-4.637,0.00
48.64493,-0.143,-4.687,0.00
48.66326,-0.156,-4.705,0.00
48.68002,-0.181,-4.742,0.00
48.69043,-0.181,-4.742,0.00
48.70352,-0.191,-4.742,0.00
48.71424,-0.191,-4.759,0.00
48.72521,-0.191,-4.776,0.00
48.73591,-0.200,-4.776,0.00
48.74702,-0.200,-4.776,0.00
48.75817,-0.207,-4.785,0.00
48.76945,-0.209,-4.785,0.00
48.77965,-0.210,-4.785,0.00
48.79038,-0.210,-4.785,0.00
48.81419,-0.213,-4.780,0.00
48.82451,-0.214,-4.780,0.00
48.84029,-0.210,-4.776,0.00
48.85581,-0.210,-4.776,0.00
48.86705,-0.210,-4.771,0.00
48.88273,-0.203,-4.762,0.00
48.89986,-0.197,-4.746,0.00
48.91639,-0.191,-4.740,0.00
48.93303,-0.185,-4.733,0.00
48.94969,-0.178,-4.723,0.00
48.96164,-0.178,-4.723,0.00
48.98517,-0.161,-4.700,0.00
49.00204,-0.153,-4.700,0.00
49.01926,-0.145,-4.683,0.00
49.03518,-0.145,-4.669,0.00
49.04539,-0.145,-4.646,0.00
49.05576,-0.138,-4.646,0.00
49.06590,-0.138,-4.646,0.00
49.07678,-0.133,-4.623,0.00
49.08730,-0.129,-4.623,0.00
49.10097,-0.129,-4.602,0.00
49.11521,-0.127,-4.581,0.00
49.13203,-0.125,-4.560,0.00
49.14283,-0.124,-4.540,0.00
49.15303,-0.124,-4.540,0.00
49.16343,-0.122,-4.540,0.00
49.17390,-0.122,-4.525,0.00
49.18478,-0.122,-4.525,0.00
49.19500,-0.122,-4.510,0.00
49.20636,-0.120,-4.510,0.00
49.22267,-0.110,-4.491,0.00
49.23348,-0.110,-4.491,0.00
49.24449,-0.110,-4.490,0.00
49.25488,-0.110,-4.490,0.00
49.26629,-0.110,-4.490,0.00
49.27723,-0.110,-4.493,0.00
49.28845,-0.110,-4.504,0.00
49.30010,-0.110,-4.537,0.00
49.31067,-0.103,-4.537,0.00
49.32152,-0.103,-4.575,0.00
49.33191,-0.094,-4.575,0.00
49.34239,-0.085,-4.608,0.00
49.35259,-0.085,-4.608,0.00
49.36299,-0.085,-4.655,0.00
49.37336,-0.079,-4.655,0.00
49.38471,-0.079,-4.655,0.00
49.39558,-0.072,-4.728,0.00
49.40611,-0.069,-4.728,0.00
49.41663,-0.069,-4.823,0.00
49.42911,-0.066,-4.918,0.00
49.49516,-0.066,-4.918,0.00
49.50535,-0.055,-5.252,0.00
49.55770,-0.055,-5.252,0.00
49.56789,-0.058,-5.394,0.00
49.57804,0.085,-0.757,0.00
49.58820,0.087,-0.776,0.00
49.59835,0.087,-0.776,0.00
49.60851,0.087,-0.778,0.00
49.61879,0.088,-0.773,0.00
49.62974,0.088,-0.773,0.00
49.64079,0.088,-0.773,0.00
49.65160,0.089,-0.784,0.00
49.66209,0.089,-0.784,0.00
49.67225,0.091,-0.801,0.00
49.68265,0.091,-0.801,0.00
49.69293,0.094,-0.813,0.00
49.70308,0.094,-0.819,0.00
49.71327,0.100,-0.819,0.00
49.72343,0.116,-0.826,0.00
49.73369,0.116,-0.826,0.00
49.74385,0.116,-0.826,0.00
49.75405,0.133,-0.837,0.00
49.76427,0.153,-0.845,0.00
49.77442,0.153,-0.845,0.00
49.78466,0.170,-0.853,0.00
49.79477,0.170,-0.853,0.00
49.80497,0.188,-0.861,0.00
49.81513,0.188,-0.861,0.00
49.82533,0.188,-0.861,0.00
49.83552,0.202,-0.862,0.00
49.84573,0.211,-0.866,0.00
49.85588,0.211,-0.866,0.00
49.86660,0.211,-0.866,0.00
49.87689,0.221,-0.875,0.00
49.88708,0.233,-0.884,0.00
49.89729,0.233,-0.884,0.00
49.90745,0.240,-0.887,0.00
49.91778,0.240,-0.887,0.00
49.92797,0.240,-0.887,0.00
49.93814,0.243,-0.885,0.00
49.94830,0.243,-0.881,0.00
49.95940,0.243,-0.876,0.00
49.96967,0.246,-0.876,0.00
49.98136,0.246,-0.876,0.00
49.99153,0.244,-0.876,0.00
50.00175,0.244,-0.876,0.00
50.01203,0.239,-0.876,0.00
50.02233,0.239,-0.876,0.00
50.03267,0.232,-0.873,0.00
50.04281,0.232,-0.873,0.00
50.05341,0.229,-0.868,0.00
50.06358,0.234,-0.868,0.00
50.07398,0.234,-0.863,0.00
50.08431,0.234,-0.856,0.00
50.09443,0.244,-0.856,0.00
50.10461,0.244,-0.851,0.00
50.11477,0.254,-0.851,0.00
50.12648,0.254,-0.851,0.00
50.13664,0.261,-0.845,0.00
50.14680,0.265,-0.840,0.00
50.15720,0.265,-0.840,0.00
50.16789,0.265,-0.840,0.00
50.17897,0.268,-0.831,0.00
50.18913,0.275,-0.825,0.00
50.20012,0.275,-0.825,0.00
50.21074,0.281,-0.818,0.00
50.22089,0.281,-0.818,0.00
50.23105,0.289,-0.816,0.00
50.24121,0.289,-0.816,0.00
50.25136,0.289,-0.816,0.00
50.26151,0.298,-0.811,0.00
50.27266,0.298,-0.811,0.00
50.28288,0.315,-0.811,0.00
50.29336,0.315,-0.811,0.00
50.30395,0.330,-0.823,0.00
50.31423,0.330,-0.823,0.00
50.32515,0.348,-0.827,0.00
50.33534,0.348,-0.827,0.00
50.34624,0.365,-0.826,0.00
50.35639,0.365,-0.826,0.00
50.36652,0.365,-0.827,0.00
50.37689,0.379,-0.827,0.00
50.38740,0.392,-0.832,0.00
50.39777,0.392,-0.832,0.00
50.40853,0.407,-0.840,0.00
50.42007,0.407,-0.840,0.00
50.43021,0.423,-0.844,0.00
50.44036,0.423,-0.839,0.00
50.45065,0.439,-0.839,0.00
50.46097,0.439,-0.836,0.00
50.47133,0.456,-0.836,0.00
50.48179,0.456,-0.831,0.00
50.49209,0.476,-0.831,0.00
50.50427,0.497,-0.820,0.00
50.51450,0.497,-0.820,0.00
50.52466,0.497,-0.816,0.00
50.53481,0.513,-0.816,0.00
50.54496,0.533,-0.812,0.00
50.55512,0.533,-0.812,0.00
50.56527,0.552,-0.800,0.00
50.57543,0.552,-0.800,0.00
50.58584,0.571,-0.785,0.00
50.59601,0.571,-0.785,0.00
50.60621,0.589,-0.776,0.00
50.61637,0.589,-0.776,0.00
50.62674,0.605,-0.764,0.00
50.63674,0.605,-0.764,0.00
50.64752,0.616,-0.752,0.00
50.65779,0.616,-0.752,0.00
50.66794,0.626,-0.745,0.00
50.67870,0.626,-0.745,0.00
50.69032,0.635,-0.744,0.00
50.70070,0.635,-0.751,0.00
50.71256,0.645,-0.751,0.00
50.72356,0.645,-0.751,0.00
50.73376,0.649,-0.754,0.00
50.74400,0.649,-0.758,0.00
50.75441,0.649,-0.758,0.00
50.76465,0.653,-0.758,0.00
50.77492,0.653,-0.758,0.00
50.78517,0.665,-0.758,0.00
50.79526,0.665,-0.757,0.00
50.80542,0.677,-0.754,0.00
50.81557,0.677,-0.754,0.00
50.82711,0.684,-0.750,0.00
50.83725,0.684,-0.750,0.00
50.84755,0.688,-0.740,0.00
50.85795,0.688,-0.740,0.00
50.86811,0.689,-0.733,0.00
50.87832,0.689,-0.733,0.00
50.88854,0.688,-0.736,0.00
50.89872,0.688,-0.736,0.00
50.90887,0.690,-0.738,0.00
50.91902,0.693,-0.734,0.00
50.92936,0.693,-0.734,0.00
50.93968,0.695,-0.731,0.00
50.94983,0.695,-0.731,0.00
50.96005,0.695,-0.731,0.00
50.97020,0.699,-0.724,0.00
50.98053,0.699,-0.727,0.00
50.99068,0.697,-0.727,0.00
51.00089,0.687,-0.727,0.00
51.01110,0.687,-0.731,0.00
51.02124,0.681,-0.731,0.00
51.03144,0.681,-0.734,0.00
51.04194,0.682,-0.734,0.00
51.05211,0.682,-0.736,0.00
51.06231,0.681,-0.736,0.00
51.07266,0.681,-0.736,0.00
51.08287,0.681,-0.736,0.00
51.09302,0.682,-0.739,0.00
51.10318,0.682,-0.739,0.00
51.11334,0.682,-0.738,0.00
51.12352,0.682,-0.743,0.00
51.13386,0.682,-0.743,0.00
51.14494,0.682,-0.751,0.00
51.15518,0.682,-0.751,0.00
51.16612,0.680,-0.761,0.00
51.17630,0.680,-0.761,0.00
51.18667,0.679,-0.765,0.00
51.19706,0.679,-0.765,0.00
51.20739,0.680,-0.765,0.00
51.21755,0.680,-0.770,0.00
51.22769,0.680,-0.770,0.00
51.23786,0.680,-0.770,0.00
51.24802,0.683,-0.770,0.00
51.25822,0.687,-0.786,0.00
51.26838,0.693,-0.790,0.00
51.27853,0.693,-0.790,0.00
51.28867,0.699,-0.794,0.00
51.29883,0.699,-0.794,0.00
51.30898,0.699,-0.794,0.00
51.31916,0.699,-0.794,0.00
51.32937,0.699,-0.802,0.00
51.33948,0.714,-0.802,0.00
51.34972,0.720,-0.798,0.00
51.35993,0.720,-0.798,0.00
51.37053,0.726,-0.795,0.00
51.38068,0.732,-0.793,0.00
51.39083,0.732,-0.793,0.00
51.40099,0.732,-0.793,0.00
51.41115,0.747,-0.790,0.00
51.42130,0.747,-0.783,0.00
51.43147,0.784,-0.783,0.00
51.44164,0.784,-0.783,0.00
51.45183,0.834,-0.775,0.00
51.46199,0.870,-0.775,0.00
51.47225,0.870,-0.766,0.00
51.48241,0.898,-0.766,0.00
51.49257,0.898,-0.761,0.00
51.50275,0.898,-0.763,0.00
51.51293,0.939,-0.763,0.00
51.52308,1.004,-0.762,0.00
51.53323,1.004,-0.762,0.00
51.54340,1.066,-0.758,0.00
51.55366,1.066,-0.758,0.00
51.56371,1.226,-0.750,0.00
51.57387,1.226,-0.750,0.00
51.58411,1.407,-0.739,0.00
51.59474,1.407,-0.739,0.00
51.60503,1.610,-0.739,0.00
51.61519,1.610,-0.734,0.00
51.62575,1.846,-0.732,0.00
51.63615,1.846,-0.732,0.00
51.64637,2.120,-0.732,0.00
51.65653,2.120,-0.732,0.00
51.66668,2.120,-0.732,0.00
51.67684,2.506,-0.727,0.00
51.68721,2.795,-0.719,0.00
51.69736,2.795,-0.719,0.00
51.70753,3.131,-0.718,0.00
51.71782,3.131,-0.718,0.00
51.72805,3.548,-0.726,0.00
51.73867,3.548,-0.726,0.00
51.74902,3.548,-0.726,0.00
51.75917,3.919,-0.729,0.00
51.76934,4.290,-0.737,0.00
51.77949,4.290,-0.737,0.00
51.79138,4.652,-0.737,0.00
51.80314,5.030,-0.731,0.00
51.81346,5.030,-0.731,0.00
51.82385,5.030,-0.718,0.00
51.83423,5.458,-0.718,0.00
51.84455,5.458,-0.714,0.00
51.85484,5.928,-0.714,0.00
51.86516,5.928,-0.705,0.00
51.87543,6.450,-0.705,0.00
51.88607,6.992,-0.698,0.00
51.89621,6.992,-0.698,0.00
51.90680,6.992,-0.698,0.00
51.91701,7.562,-0.707,0.00
51.92727,8.155,-0.713,0.00
51.93879,8.155,-0.713,0.00
51.94894,8.762,-0.721,0.00
51.95913,8.762,-0.721,0.00
51.96941,9.402,-0.719,0.00
51.97970,9.402,-0.719,0.00
51.99023,10.078,-0.710,0.00
52.00048,10.078,-0.710,0.00
52.01078,10.762,-0.703,0.00
52.02084,11.460,-0.703,0.00
52.03099,11.460,-0.701,10.00
52.04151,11.460,-0.701,10.00
52.05166,12.165,-0.701,10.00
52.08029,13.495,-0.708,10.00
52.09101,13.495,-0.708,10.00
52.10926,14.180,-0.708,10.00
52.11956,14.837,-0.713,10.00
52.14139,14.837,-0.709,10.00
52.15176,15.474,-0.696,10.00
52.17341,15.474,-0.696,10.00
52.18357,16.068,-0.658,10.00
52.20512,16.666,-0.658,10.00
52.21529,17.293,-0.640,10.00
52.22545,17.293,-0.640,10.00
52.23738,17.918,-0.640,10.00
52.24770,18.528,-0.617,10.00
52.25804,18.528,-0.581,10.00
52.27100,19.106,-0.581,10.00
52.28133,19.623,-0.388,10.00
52.29180,19.623,-0.173,10.00
52.30374,20.053,-0.173,10.00
52.31411,20.053,0.034,10.00
52.32442,20.053,0.348,10.00
52.33450,20.411,0.348,10.00
52.34521,20.703,0.703,10.00
52.35546,20.703,0.703,10.00
52.36610,20.703,1.033,10.50
52.37648,20.923,1.033,10.50
52.38680,21.045,1.381,10.50
52.41508,21.066,1.381,10.50
52.42526,20.990,1.912,10.50
52.44604,20.990,1.912,10.50
52.45672,20.827,2.190,10.50
52.47695,20.827,2.190,10.50
52.48714,20.252,2.815,10.50
52.51064,20.252,2.815,10.50
52.52092,19.838,3.155,10.50
52.54124,19.332,3.496,10.50
52.55186,18.743,3.845,10.50
52.56206,18.743,3.845,10.50
52.57340,18.075,3.845,11.00
52.58358,18.075,4.113,11.00
52.59378,17.321,4.379,11.00
52.60593,16.473,4.652,11.00
52.61667,16.473,4.652,11.00
52.62698,15.540,4.952,11.00
52.63916,15.540,4.952,11.00
52.64945,14.544,5.299,11.00
52.65971,13.502,5.299,11.00
52.66986,13.502,5.672,11.00
52.68002,12.442,5.672,11.00
52.69029,12.442,6.060,11.00
52.71941,10.283,6.784,11.50
52.72983,10.283,6.784,11.50
52.75007,9.190,6.784,11.50
52.76029,8.122,7.111,11.50
52.78286,7.081,7.393,11.50
52.79302,7.081,7.642,11.50
52.81293,7.081,7.642,11.50
52.82311,5.128,7.866,11.50
52.83327,5.128,8.076,11.50
52.84592,4.192,8.250,12.00
52.85613,4.192,8.250,12.00
52.86697,3.289,8.250,12.00
52.87715,3.289,8.415,12.00
52.88734,2.359,8.543,12.00
52.89770,2.359,8.543,12.00
52.90948,2.359,8.543,12.00
52.91970,1.554,8.661,12.00
52.92987,1.108,8.787,12.00
52.94153,0.903,8.787,12.50
52.95256,0.903,8.884,12.50
52.96478,0.903,8.884,12.50
52.97495,0.814,9.007,12.50
52.98511,0.886,9.007,12.50
52.99528,0.886,9.174,12.50
53.02096,0.886,9.174,12.50
53.03131,1.078,9.841,12.50
53.05342,1.078,10.316,13.00
53.06360,1.234,10.814,13.00
53.08580,1.213,11.321,13.00
53.09612,1.213,11.321,13.00
53.10662,1.213,11.321,13.00
53.11975,1.154,11.767,13.00
53.12994,1.074,12.123,13.00
53.14009,1.009,12.123,13.00
53.15025,1.009,12.395,13.50
53.16040,1.009,12.395,13.50
53.17078,0.962,12.619,13.50
53.18330,0.962,12.619,13.50
53.19345,0.958,12.832,13.50
53.20361,0.958,12.832,13.50
53.21375,0.995,13.063,13.50
53.22408,1.032,13.260,13.50
53.23442,1.032,13.260,13.50
53.26176,1.080,13.730,14.00
53.27239,1.080,13.730,14.00
53.29430,1.260,13.989,14.00
53.30462,1.582,14.273,14.00
53.32522,1.582,14.273,14.00
53.33542,1.846,14.572,14.00
53.35710,1.846,14.572,14.00
53.36731,2.241,15.536,14.00
53.37747,2.241,15.536,14.00
53.38946,2.356,15.536,14.50
53.39972,2.356,16.087,14.50
53.40988,2.475,16.697,14.50
53.42281,2.475,16.697,14.50
53.43299,2.583,17.373,14.50
53.44315,2.650,17.373,14.50
53.45516,2.650,18.043,14.50
53.46595,2.671,18.689,14.50
53.47615,2.671,18.689,14.50
53.50206,2.544,19.715,14.50
53.51223,2.544,19.715,14.50
53.53399,2.432,20.120,14.50
53.54431,2.295,20.434,14.50
53.56700,2.152,20.723,14.50
53.57748,2.152,20.723,14.50
53.59825,2.010,21.010,15.00
53.60844,1.873,21.318,15.00
53.63042,1.762,21.638,15.00
53.64058,1.762,21.638,15.00
53.65075,1.666,21.953,15.00
53.66111,1.666,21.953,15.00
53.67129,1.603,22.248,15.00
53.68145,1.603,22.248,15.00
53.69350,1.574,22.561,15.00
53.70392,1.548,22.791,15.00
53.71413,1.548,22.791,15.00
53.74165,1.541,23.153,15.00
53.75183,1.530,23.153,15.00
53.77318,1.530,23.153,15.00
53.78338,1.535,23.268,15.00
53.80545,1.572,23.353,15.00
53.81582,1.572,23.402,15.00
53.83790,1.610,23.431,15.00
53.84903,1.668,23.448,15.00
53.86917,1.668,23.448,15.00
53.87967,1.741,23.540,15.00
53.88982,1.741,23.540,15.00
53.90131,1.819,23.829,15.00
53.91169,1.910,23.829,15.00
53.92200,1.910,23.981,15.00
53.93389,1.988,23.981,15.00
53.94456,2.053,24.128,15.00
53.95475,2.053,24.128,15.00
53.96692,2.053,24.128,15.00
53.97773,2.101,24.238,15.00
53.98823,2.129,24.283,15.00
53.99946,2.129,24.283,15.00
54.00962,2.144,24.269,15.00
54.01977,2.144,24.269,15.00
54.02993,2.151,24.222,15.00
54.04009,2.151,24.180,15.00
54.05050,2.152,24.180,15.00
54.07791,2.151,24.163,15.00
54.08830,2.151,24.163,15.00
54.11088,2.139,24.221,15.00
54.12105,2.123,24.287,15.00
54.14167,2.123,24.287,15.00
54.15201,2.123,24.287,15.00
54.17332,2.123,24.440,15.00
54.18368,2.077,24.510,15.00
54.19406,2.051,24.510,15.00
54.20547,2.051,24.510,15.00
54.21584,2.029,24.578,15.00
54.22601,2.029,24.660,15.00
54.23782,2.016,24.660,15.00
54.24799,2.007,24.745,15.00
54.25873,2.007,24.745,15.00
54.26976,2.007,24.745,15.00
54.27992,2.007,24.745,15.00
54.29017,2.007,24.745,15.00
54.31742,1.997,24.745,15.00
54.32783,1.997,25.009,15.00
54.34934,1.996,25.164,15.00
54.35992,1.998,25.164,15.00
54.38229,1.995,25.274,15.00
54.39243,1.995,25.274,15.00
54.41482,1.996,25.309,15.00
54.42532,1.987,25.339,15.00
54.43876,1.987,25.339,0.00
54.45108,1.976,25.355,0.00
54.46127,1.968,25.355,0.00
54.47146,1.968,25.362,0.00
54.48183,1.971,25.361,0.00
54.49203,1.971,25.361,0.00
54.50240,1.971,25.361,0.00
54.51259,1.969,25.365,0.00
54.52279,1.946,25.377,0.00
54.53295,1.946,25.377,0.00
54.54372,1.946,25.377,0.00
54.55404,1.877,25.388,0.00
54.56420,1.734,25.400,0.00
54.57436,1.734,25.400,0.00
54.58526,1.512,25.399,0.00
54.59542,1.512,25.399,0.00
54.60564,1.249,25.396,0.00
54.61583,1.249,25.396,0.00
54.62598,1.000,25.385,0.00
54.63927,1.000,25.369,0.00
54.64947,0.809,25.369,0.00
54.65975,0.809,25.369,0.00
54.67111,0.673,25.352,0.00
54.68127,0.559,25.352,0.00
54.69143,0.559,25.334,0.00
54.70179,0.559,25.334,0.00
54.71195,0.465,25.259,0.00
54.72211,0.465,25.259,0.00
54.73227,0.379,25.100,0.00
54.74243,0.339,25.100,0.00
54.75260,0.339,24.762,0.00
54.76286,0.339,24.762,0.00
54.77303,0.266,24.141,0.00
54.78320,0.170,23.282,0.00
54.79336,0.170,23.282,0.00
54.80428,0.170,23.282,0.00
54.81444,0.096,22.336,0.00
54.82460,0.096,22.336,0.00
54.83475,0.096,22.336,0.00
54.84493,0.096,22.336,0.00
54.85540,0.096,22.336,0.00
54.86592,0.096,22.336,0.00
54.88125,0.096,22.336,0.00
54.89144,0.109,21.233,0.00
54.90168,0.090,20.239,0.00
54.91184,0.138,18.313,0.00
54.92199,0.174,17.498,0.00
54.93215,0.207,16.743,0.00
54.94231,0.237,16.013,0.00
54.95246,0.237,16.013,0.00
54.96262,0.237,16.013,0.00
54.97276,0.266,15.274,0.00
54.98291,0.266,15.274,0.00
54.99307,0.300,14.420,0.00
55.00322,0.342,13.688,0.00
55.01369,0.342,13.688,0.00
55.02394,0.379,12.996,0.00
55.03427,0.379,12.996,0.00
55.04448,0.379,12.996,0.00
55.05460,0.381,12.346,0.00
55.06476,0.381,12.346,0.00
55.07491,0.381,12.346,0.00
55.08506,0.416,11.697,0.00
55.09522,0.475,11.058,0.00
55.10538,0.465,10.433,0.00
55.11554,0.465,10.433,0.00
55.12578,0.471,9.805,0.00
55.13645,0.471,9.805,0.00
55.14845,0.457,9.064,0.00
55.15861,0.457,9.064,0.00
55.16989,0.434,8.350,0.00
55.18005,0.434,8.350,0.00
55.19021,0.434,7.605,0.00
55.20045,0.396,6.869,0.00
55.21060,0.360,6.869,0.00
55.22113,0.360,6.869,0.00
55.23132,0.326,6.053,0.00
55.24148,0.326,6.053,0.00
55.25186,0.287,5.259,0.00
55.26203,0.287,4.470,0.00
55.27220,0.249,4.470,0.00
55.28235,0.249,3.681,0.00
55.29251,0.214,3.681,0.00
55.30274,0.214,3.681,0.00
55.31297,0.185,2.815,0.00
55.32313,0.170,2.111,0.00
55.33329,0.170,2.111,0.00
55.34345,0.161,1.490,0.00
55.35398,0.161,1.490,0.00
55.36426,0.163,0.951,0.00
55.37444,0.163,0.951,0.00
55.38472,0.163,0.951,0.00
55.39540,0.177,0.511,0.00
55.40602,0.202,0.166,0.00
55.41618,0.202,0.166,0.00
55.42633,0.236,0.166,0.00
55.43649,0.236,-0.086,0.00
55.44665,0.285,-0.279,0.00
55.45682,0.285,-0.279,0.00
55.46697,0.341,-0.365,0.00
55.47712,0.341,-0.365,0.00
55.48727,0.396,-0.374,0.00
55.49768,0.396,-0.374,0.00
55.50795,0.453,-0.321,0.00
55.51827,0.453,-0.321,0.00
55.52867,0.507,-0.304,0.00
55.53889,0.507,-0.304,0.00
55.54905,0.550,-0.270,0.00
55.55921,0.550,-0.270,0.00
55.56937,0.590,-0.226,0.00
55.57953,0.590,-0.226,0.00
55.58974,0.629,-0.248,0.00
55.59990,0.629,-0.248,0.00
55.61007,0.664,-0.310,0.00
55.62023,0.664,-0.310,0.00
55.63040,0.697,-0.415,0.00
55.64057,0.697,-0.509,0.00
55.65078,0.721,-0.509,0.00
55.66094,0.731,-0.509,0.00
55.67133,0.731,-0.537,0.00
55.68202,0.724,-0.537,0.00
55.69217,0.724,-0.511,0.00
55.70241,0.724,-0.421,0.00
55.71258,0.702,-0.421,0.00
55.72274,0.702,-0.298,0.00
55.73290,0.666,-0.298,0.00
55.74312,0.666,-0.145,0.00
55.75328,0.625,-0.145,0.00
55.76348,0.580,-0.016,0.00
55.77374,0.580,-0.016,0.00
55.78398,0.580,-0.016,0.00
55.79414,0.532,0.132,0.00
55.80430,0.482,0.249,0.00
55.81449,0.482,0.249,0.00
55.82466,0.435,0.331,0.00
55.83482,0.435,0.331,0.00
55.84500,0.388,0.398,0.00
55.85515,0.388,0.398,0.00
55.86531,0.339,0.458,0.00
55.87545,0.339,0.458,0.00
55.88730,0.298,0.499,0.00
55.89746,0.298,0.499,0.00
55.90778,0.268,0.539,0.00
55.91793,0.268,0.539,0.00
55.92809,0.257,0.586,0.00
55.93824,0.257,0.586,0.00
55.95003,0.255,0.586,0.00
55.96533,0.261,0.711,0.00
55.97569,0.261,0.711,0.00
55.98640,0.274,0.758,0.00
55.99662,0.274,0.758,0.00
56.00679,0.296,0.758,0.00
56.01750,0.296,0.797,0.00
56.02771,0.315,0.797,0.00
56.04369,0.315,0.824,0.00
56.05960,0.315,0.848,0.00
56.07735,0.304,0.869,0.00
56.10228,0.229,0.882,0.00
56.11332,0.229,0.882,0.00
56.12490,0.169,0.882,0.00
56.14114,0.169,0.872,0.00
56.15710,0.092,0.852,0.00
56.17253,0.142,0.852,0.00
56.18359,0.081,0.852,0.00
56.20766,0.081,0.771,0.00
56.21849,0.004,0.771,0.00
56.24399,-0.039,0.660,0.00
56.26004,-0.093,0.583,0.00
56.27287,-0.145,0.483,0.00
56.28852,-0.192,0.377,0.00
56.30036,-0.192,0.377,0.00
56.31105,-0.192,0.288,0.00
56.32217,-0.192,0.288,0.00
56.33310,-0.252,0.204,0.00
56.34628,-0.255,0.204,0.00
56.35980,-0.255,0.120,0.00
56.39221,-0.220,0.004,0.00
56.40774,-0.220,0.004,0.00
56.42347,-0.146,-0.020,0.00
56.43460,-0.146,-0.012,0.00
56.44489,-0.110,0.032,0.00
56.45519,-0.110,0.032,0.00
56.46574,-0.065,0.032,0.00
56.48236,-0.065,0.097,0.00
56.49809,-0.022,0.186,0.00
56.53198,0.065,0.419,0.00
56.54255,0.065,0.419,0.00
56.55284,0.065,0.540,0.00
56.57432,0.150,0.659,0.00
56.58925,0.186,0.778,0.00
56.60619,0.211,0.906,0.00
56.61734,0.211,0.906,0.00
56.62820,0.228,1.004,0.00
56.64523,0.236,1.087,0.00
56.65581,0.236,1.087,0.00
56.66886,0.236,1.087,0.00
56.68512,0.227,1.163,0.00
56.70144,0.227,1.163,0.00
56.71480,0.211,1.169,0.00
56.73031,0.211,1.169,0.00
56.74635,0.197,1.167,0.00
56.75781,0.184,1.156,0.00
56.77363,0.176,1.156,0.00
56.79223,0.176,1.151,0.00
56.80589,0.176,1.151,0.00
56.81747,0.160,1.095,0.00
56.83850,0.153,1.056,0.00
56.85005,0.140,1.037,0.00
56.86109,0.140,1.037,0.00
56.87691,0.129,1.037,0.00
56.89133,0.129,1.032,0.00
56.90818,0.121,1.069,0.00
56.92607,0.121,1.069,0.00
56.93623,0.111,1.094,0.00
56.99670,0.111,1.094,0.00
57.00691,-0.002,1.250,0.00
57.06490,-0.046,1.271,0.00
57.07714,-0.052,1.295,0.00
57.08734,-0.197,0.498,0.00
57.09789,-0.197,0.498,0.00
57.10826,-0.203,0.567,0.00
57.11842,-0.203,0.567,0.00
57.12857,-0.215,0.615,0.00
57.13887,-0.215,0.615,0.00
57.14904,-0.228,0.642,0.00
57.15920,-0.236,0.642,0.00
57.16938,-0.236,0.634,0.00
57.17955,-0.236,0.634,0.00
57.18972,-0.248,0.612,0.00
57.19989,-0.248,0.612,0.00
57.21005,-0.259,0.575,0.00
57.22019,-0.259,0.533,0.00
57.23034,-0.266,0.533,0.00
57.24079,-0.266,0.533,0.00
57.25095,-0.272,0.489,0.00
57.26120,-0.272,0.489,0.00
57.27154,-0.274,0.457,0.00
57.28210,-0.274,0.457,0.00
57.29227,-0.271,0.432,0.00
57.30287,-0.271,0.432,0.00
57.31495,-0.268,0.417,0.00
57.32530,-0.265,0.406,0.00
57.33545,-0.265,0.406,0.00
57.34583,-0.264,0.385,0.00
57.35599,-0.264,0.385,0.00
57.36613,-0.264,0.385,0.00
57.37630,-0.258,0.371,0.00
57.38705,-0.247,0.363,0.00
57.39722,-0.247,0.363,0.00
57.40738,-0.234,0.336,0.00
57.41780,-0.234,0.336,0.00
57.42796,-0.217,0.311,0.00
57.43854,-0.217,0.311,0.00
57.44887,-0.197,0.294,0.00
57.45903,-0.197,0.294,0.00
57.46918,-0.183,0.274,0.00
57.47967,-0.183,0.274,0.00
57.48983,-0.171,0.255,0.00
57.49997,-0.171,0.255,0.00
57.51013,-0.171,0.246,0.00
57.52028,-0.157,0.246,0.00
57.53043,-0.147,0.245,0.00
57.54073,-0.147,0.245,0.00
57.55089,-0.139,0.248,0.00
57.56104,-0.135,0.256,0.00
57.57121,-0.135,0.256,0.00
57.58137,-0.137,0.279,0.00
57.59152,-0.137,0.279,0.00
57.60177,-0.137,0.299,0.00
57.61197,-0.145,0.299,0.00
57.62213,-0.145,0.327,0.00
57.63228,-0.162,0.327,0.00
57.64242,-0.162,0.353,0.00
57.65258,-0.184,0.353,0.00
57.66296,-0.200,0.375,0.00
57.67334,-0.200,0.375,0.00
57.68365,-0.208,0.381,0.00
57.69400,-0.208,0.381,0.00
57.70432,-0.205,0.374,0.00
57.71469,-0.205,0.374,0.00
57.72608,-0.195,0.366,0.00
57.73624,-0.195,0.366,0.00
57.74655,-0.186,0.353,0.00
57.75831,-0.186,0.353,0.00
57.76746,-0.175,0.337,0.00
57.77765,-0.175,0.337,0.00
57.78781,-0.161,0.325,0.00
57.79809,-0.161,0.325,0.00
57.80844,-0.147,0.322,0.00
57.81872,-0.147,0.322,0.00
57.82889,-0.131,0.319,0.00
57.83906,-0.131,0.319,0.00
57.84922,-0.111,0.316,0.00
57.85980,-0.111,0.316,0.00
57.86996,-0.089,0.316,0.00
57.88086,-0.068,0.278,0.00
57.89102,-0.068,0.278,0.00
57.90128,-0.068,0.278,0.00
57.91143,-0.045,0.272,0.00
57.92170,-0.045,0.272,0.00
57.93187,-0.027,0.293,0.00
57.94213,-0.027,0.293,0.00
57.95228,-0.016,0.343,0.00
57.96245,-0.010,0.343,0.00
57.97259,-0.010,0.408,0.00
57.98275,-0.010,0.408,0.00
57.99290,-0.010,0.481,0.00
58.00304,-0.010,0.546,0.00
58.01320,-0.017,0.546,0.00
58.02335,-0.017,0.546,0.00
58.03350,-0.025,0.592,0.00
58.04371,-0.032,0.620,0.00
58.05383,-0.032,0.620,0.00
58.06410,-0.034,0.646,0.00
58.07425,-0.034,0.646,0.00
58.08441,-0.037,0.668,0.00
58.09481,-0.037,0.668,0.00
58.10530,-0.045,0.668,0.00
58.11548,-0.045,0.673,0.00
58.12570,-0.060,0.676,0.00
58.13584,-0.060,0.676,0.00
58.14601,-0.080,0.679,0.00
58.15617,-0.080,0.679,0.00
58.16685,-0.105,0.674,0.00
58.17691,-0.105,0.674,0.00
58.18738,-0.129,0.668,0.00
58.19806,-0.129,0.668,0.00
58.20821,-0.150,0.669,0.00
58.21837,-0.150,0.669,0.00
58.22853,-0.170,0.669,0.00
58.23877,-0.170,0.669,0.00
58.24894,-0.191,0.660,0.00
58.25915,-0.191,0.660,0.00
58.26955,-0.214,0.649,0.00
58.27974,-0.214,0.649,0.00
58.28989,-0.238,0.646,0.00
58.30025,-0.238,0.646,0.00
58.31040,-0.262,0.650,0.00
58.32072,-0.262,0.655,0.00
58.33086,-0.286,0.655,0.00
58.34112,-0.286,0.655,0.00
58.35128,-0.309,0.661,0.00
58.36143,-0.309,0.661,0.00
58.37158,-0.333,0.655,0.00
58.38175,-0.333,0.655,0.00
58.39191,-0.353,0.617,0.00
58.40209,-0.368,0.617,0.00
58.41232,-0.368,0.546,0.00
58.42247,-0.368,0.421,0.00
58.43263,-0.380,0.421,0.00
58.44292,-0.380,0.276,0.00
58.45340,-0.394,0.276,0.00
58.46356,-0.410,0.152,0.00
58.47373,-0.410,0.152,0.00
58.48390,-0.410,0.152,0.00
58.49404,-0.429,0.067,0.00
58.50428,-0.456,-0.025,0.00
58.51452,-0.456,-0.025,0.00
58.52467,-0.486,-0.115,0.00
58.53483,-0.486,-0.115,0.00
58.54628,-0.514,-0.272,0.00
58.55644,-0.514,-0.272,0.00
58.56840,-0.514,-0.272,0.00
58.57861,-0.529,-0.429,0.00
58.58877,-0.539,-0.575,0.00
58.59932,-0.539,-0.575,0.00
58.60966,-0.539,-0.705,0.00
58.61972,-0.542,-0.788,0.00
58.63006,-0.539,-0.788,0.00
58.64040,-0.539,-0.826,0.00
58.65057,-0.537,-0.826,0.00
58.66076,-0.537,-0.826,0.00
58.67092,-0.532,-0.835,0.00
58.68112,-0.532,-0.835,0.00
58.69128,-0.524,-0.791,0.00
58.70143,-0.515,-0.791,0.00
58.71158,-0.515,-0.747,0.00
58.72180,-0.515,-0.747,0.00
58.73196,-0.507,-0.715,0.00
58.74215,-0.507,-0.715,0.00
58.75230,-0.503,-0.685,0.00
58.76245,-0.503,-0.685,0.00
58.77261,-0.502,-0.652,0.00
58.78277,-0.502,-0.652,0.00
58.79293,-0.506,-0.618,0.00
58.80311,-0.506,-0.618,0.00
58.81330,-0.509,-0.591,0.00
58.82346,-0.510,-0.575,0.00
58.83371,-0.510,-0.575,0.00
58.84387,-0.510,-0.575,0.00
58.85408,-0.509,-0.564,0.00
58.86424,-0.509,-0.543,0.00
58.87469,-0.509,-0.543,0.00
58.88484,-0.509,-0.519,0.00
58.89500,-0.509,-0.519,0.00
58.90519,-0.501,-0.501,0.00
58.91534,-0.501,-0.501,0.00
58.92550,-0.484,-0.498,0.00
58.93582,-0.484,-0.498,0.00
58.94602,-0.460,-0.508,0.00
58.95645,-0.460,-0.508,0.00
58.96671,-0.431,-0.531,0.00
58.97708,-0.431,-0.531,0.00
58.98734,-0.405,-0.562,0.00
58.99782,-0.405,-0.562,0.00
59.00808,-0.384,-0.589,0.00
59.01840,-0.384,-0.589,0.00
59.02863,-0.384,-0.589,0.00
59.03887,-0.370,-0.596,0.00
59.04903,-0.364,-0.595,0.00
59.05919,-0.364,-0.595,0.00
59.06935,-0.356,-0.590,0.00
59.07955,-0.356,-0.590,0.00
59.08976,-0.347,-0.587,0.00
59.09998,-0.347,-0.587,0.00
59.11016,-0.338,-0.597,0.00
59.12033,-0.338,-0.625,0.00
59.13068,-0.323,-0.625,0.00
59.14084,-0.323,-0.625,0.00
59.15099,-0.306,-0.670,0.00
59.16115,-0.292,-0.670,0.00
59.17131,-0.292,-0.740,0.00
59.18177,-0.292,-0.740,0.00
59.19192,-0.279,-0.823,0.00
59.20208,-0.261,-0.823,0.00
59.21241,-0.261,-0.891,0.00
59.22255,-0.261,-0.952,0.00
59.23271,-0.236,-0.952,0.00
59.24285,-0.236,-1.008,0.00
59.25312,-0.213,-1.008,0.00
59.26351,-0.213,-1.039,0.00
59.27394,-0.191,-1.039,0.00
59.28426,-0.191,-1.039,0.00
59.29459,-0.191,-1.039,0.00
59.30490,-0.191,-1.039,0.00
59.31543,-0.191,-1.039,0.00
59.32784,-0.177,-1.062,0.00
59.33813,-0.171,-1.065,0.00
59.34829,-0.176,-1.076,0.00
59.35930,-0.176,-1.076,0.00
59.36946,-0.180,-1.102,0.00
59.37961,-0.181,-1.102,0.00
59.38979,-0.181,-1.135,0.00
59.39998,-0.181,-1.135,0.00
59.41021,-0.174,-1.172,0.00
59.42029,-0.174,-1.172,0.00
59.43053,-0.163,-1.200,0.00
59.44069,-0.144,-1.221,0.00
59.45086,-0.144,-1.221,0.00
59.46101,-0.122,-1.221,0.00
59.47139,-0.122,-1.245,0.00
59.48166,-0.099,-1.245,0.00
59.49182,-0.099,-1.273,0.00
59.50216,-0.077,-1.273,0.00
59.51233,-0.077,-1.305,0.00
59.52251,-0.077,-1.305,0.00
59.53268,-0.060,-1.338,0.00
59.54285,-0.060,-1.338,0.00
59.55302,-0.045,-1.375,0.00
59.56321,-0.045,-1.375,0.00
59.57334,-0.031,-1.412,0.00
59.58350,-0.018,-1.448,0.00
59.59373,-0.018,-1.448,0.00
59.60390,-0.005,-1.479,0.00
59.61405,-0.005,-1.479,0.00
59.62460,0.011,-1.516,0.00
59.63479,0.011,-1.516,0.00
59.64504,0.023,-1.561,0.00
59.65533,0.023,-1.561,0.00
59.66575,0.034,-1.604,0.00
59.67590,0.034,-1.604,0.00
59.68612,0.042,-1.649,0.00
59.69636,0.042,-1.649,0.00
59.70661,0.046,-1.688,0.00
59.71678,0.046,-1.688,0.00
59.72727,0.049,-1.720,0.00
59.73744,0.049,-1.720,0.00
59.74761,0.063,-1.742,0.00
59.75785,0.063,-1.742,0.00
59.76802,0.097,-1.760,0.00
59.77831,0.097,-1.760,0.00
59.78890,0.155,-1.774,0.00
59.79960,0.155,-1.774,0.00
59.80975,0.215,-1.782,0.00
59.82079,0.215,-1.782,0.00
59.83096,0.259,-1.787,0.00
59.84261,0.259,-1.787,0.00
59.85299,0.275,-1.793,0.00
59.86315,0.275,-1.793,0.00
59.87349,0.275,-1.793,0.00
59.88374,0.272,-1.795,0.00
59.89390,0.260,-1.791,0.00
59.90415,0.260,-1.791,0.00
59.91439,0.232,-1.781,0.00
59.92454,0.232,-1.781,0.00
59.93470,0.200,-1.769,0.00
59.94487,0.172,-1.765,0.00
59.95502,0.172,-1.765,0.00
59.96517,0.172,-1.765,0.00
59.97531,0.149,-1.766,0.00
59.98547,0.134,-1.778,0.00
59.99597,0.134,-1.778,0.00
60.00616,0.132,-1.813,0.00
60.01638,0.132,-1.813,0.00
60.02725,0.151,-1.858,0.00
60.03741,0.151,-1.858,0.00
60.04756,0.188,-1.858,0.00
60.05780,0.188,-1.907,0.00
60.06803,0.238,-1.953,0.00
60.07818,0.238,-1.953,0.00
60.08835,0.238,-1.982,0.00
60.09853,0.270,-1.982,0.00
60.10869,0.270,-1.982,0.00
60.11885,0.275,-1.988,0.00
60.12902,0.253,-1.980,0.00
60.13923,0.253,-1.980,0.00
60.14939,0.221,-1.959,0.00
60.15955,0.189,-1.959,0.00
60.16972,0.189,-1.929,0.00
60.17989,0.166,-1.906,0.00
60.19016,0.166,-1.906,0.00
60.20063,0.166,-1.906,0.00
60.21079,0.153,-1.900,0.00
60.22130,0.153,-1.900,0.00
60.23149,0.153,-1.903,0.00
60.24173,0.153,-1.903,0.00
60.25189,0.163,-1.903,0.00
60.26209,0.178,-1.903,0.00
60.27226,0.178,-1.915,0.00
60.28242,0.200,-1.940,0.00
60.29257,0.200,-1.940,0.00
60.30271,0.200,-1.940,0.00
60.31289,0.220,-1.971,0.00
60.32306,0.231,-1.991,0.00
60.33322,0.231,-1.991,0.00
60.34337,0.231,-1.991,0.00
60.35351,0.237,-1.999,0.00
60.36367,0.244,-1.992,0.00
60.37382,0.244,-1.992,0.00
60.38431,0.251,-1.975,0.00
60.39446,0.251,-1.975,0.00
60.40461,0.259,-1.956,0.00
60.41507,0.259,-1.956,0.00
60.42643,0.277,-1.943,0.00
60.43683,0.277,-1.943,0.00
60.44717,0.303,-1.944,0.00
60.45745,0.303,-1.944,0.00
60.46769,0.330,-1.944,0.00
60.47785,0.330,-1.957,0.00
60.48823,0.357,-1.976,0.00
60.49845,0.357,-1.976,0.00
60.50877,0.384,-1.987,0.00
60.51917,0.417,-1.987,0.00
60.52933,0.417,-1.989,0.00
60.53953,0.417,-1.989,0.00
60.54974,0.451,-1.978,0.00
60.55992,0.451,-1.964,0.00
60.57007,0.484,-1.964,0.00
60.58028,0.484,-1.964,0.00
60.59045,0.556,-1.953,0.00
60.60060,0.665,-1.953,0.00
60.61076,0.665,-1.947,0.00
60.62097,0.665,-1.947,0.00
60.63111,0.784,-1.944,0.00
60.64210,0.784,-1.944,0.00
60.65248,1.025,-1.951,0.00
60.66264,1.318,-1.959,0.00
60.67280,1.318,-1.959,0.00
60.68296,1.630,-1.959,0.00
60.69312,1.630,-1.968,0.00
60.70332,1.630,-1.976,0.00
60.71348,2.149,-1.976,0.00
60.72365,2.149,-1.976,0.00
60.73386,2.797,-1.984,0.00
60.74401,2.797,-1.984,0.00
60.75440,3.362,-1.987,0.00
60.76462,3.362,-1.987,0.00
60.77478,3.955,-1.989,0.00
60.78493,4.578,-1.980,0.00
60.79509,4.578,-1.980,0.00
60.80525,5.193,-1.953,0.00
60.81549,5.193,-1.953,0.00
60.82590,5.994,-1.916,0.00
60.83630,5.994,-1.916,0.00
60.84676,6.874,-1.868,0.00
60.85726,6.874,-1.868,0.00
60.86742,7.783,-1.829,0.00
60.87775,7.783,-1.829,0.00
60.88817,8.771,-1.792,0.00
60.89861,8.771,-1.792,0.00
60.90860,9.823,-1.759,0.00
60.91875,9.823,-1.759,0.00
60.92910,10.941,-1.724,0.00
60.94190,10.941,-1.724,0.00
60.95218,12.094,-1.690,0.00
60.96242,13.231,-1.635,0.00
60.97404,13.231,-1.635,10.00
60.98420,14.427,-1.581,10.00
60.99437,14.427,-1.581,10.00
61.00553,15.663,-1.523,10.00
61.01591,15.663,-1.523,10.00
61.02706,16.890,-1.460,10.00
61.05410,18.096,-1.400,10.00
61.06449,18.096,-1.400,10.00
61.08494,18.096,-1.400,10.00
61.09521,20.346,-1.324,10.00
61.11813,21.370,-1.291,10.00
61.12830,22.323,-1.257,10.00
61.13857,22.323,-1.257,10.00
61.14888,22.323,-1.257,10.00
61.15915,23.179,-1.228,10.00
61.16932,23.922,-1.200,10.00
61.18172,24.542,-1.164,10.00
61.19189,24.542,-1.164,10.00
61.20205,25.035,-0.952,10.00
61.21415,25.035,-0.952,10.00
61.22431,25.407,-0.727,10.00
61.23448,25.407,-0.727,10.00
61.24600,25.407,-0.727,10.00
61.25628,25.664,-0.655,10.00
61.26662,25.791,-0.480,10.00
61.29411,25.781,-0.154,10.00
61.30426,25.781,0.222,10.00
61.32476,25.626,0.222,10.50
61.33494,25.332,0.549,10.50
61.35699,25.332,0.549,10.50
61.36718,24.907,0.810,10.50
61.39121,23.654,1.379,10.50
61.40136,23.654,1.713,10.50
61.42316,22.828,1.713,10.50
61.43331,21.867,2.082,10.50
61.45363,20.769,2.495,10.50
61.46439,20.769,2.495,10.50
61.47470,19.553,3.004,10.50
61.48648,18.274,3.439,10.50
61.49667,18.274,3.439,10.50
61.50795,16.961,3.851,10.50
61.52065,16.961,3.851,11.00
61.53084,15.597,4.198,11.00
61.54098,14.194,4.198,11.00
61.55114,14.194,4.502,11.00
61.56137,14.194,4.502,11.00
61.57152,12.760,4.765,11.00
61.59678,12.760,4.765,11.00
61.60695,9.955,5.265,11.00
61.62908,9.955,5.265,11.00
61.63928,8.540,5.591,11.00
61.66217,7.091,5.903,11.50
61.67238,5.656,6.238,11.50
61.69282,5.656,6.238,11.50
61.70299,4.317,6.620,11.50
61.71317,3.020,7.077,11.50
61.72653,3.020,7.077,11.50
61.73672,1.859,7.557,11.50
61.74688,0.815,8.023,11.50
61.75970,0.815,8.023,12.00
61.76987,0.412,8.488,12.00
61.78003,0.462,8.999,12.00
61.79018,0.462,8.999,12.00
61.80060,0.462,8.999,12.00
61.81078,0.722,9.417,12.00
61.82148,0.722,9.417,12.00
61.83167,1.085,9.780,12.00
61.84193,1.398,9.780,12.00
61.85333,1.398,10.121,12.00
61.86364,1.398,10.121,12.00
61.87381,1.621,10.370,12.00
61.90399,1.676,10.659,12.50
61.91434,1.602,10.659,12.50
61.93337,1.602,10.783,12.50
61.94366,1.429,10.948,12.50
61.96654,1.263,10.948,12.50
61.97714,1.148,11.115,12.50
61.99977,1.034,11.312,13.00
62.00993,0.916,11.512,13.00
62.03228,0.782,11.710,13.00
62.04334,0.723,11.933,13.00
62.06104,0.877,11.933,13.00
62.07172,0.877,12.185,13.00
62.08208,1.281,12.185,13.00
62.09324,1.281,12.514,13.50
62.10341,1.281,12.514,13.50
62.11364,1.281,12.514,13.50
62.12622,1.604,13.000,13.50
62.13642,1.885,13.499,13.50
62.14681,2.116,14.085,13.50
62.15712,2.116,14.085,13.50
62.16749,2.312,14.651,13.50
62.17776,2.312,14.651,13.50
62.20504,2.496,15.188,14.00
62.21553,2.625,15.620,14.00
62.23674,2.737,15.620,14.00
62.24703,2.759,16.326,14.00
62.26919,2.719,16.326,14.00
62.27934,2.719,16.673,14.00
62.30122,2.605,17.364,14.00
62.31140,2.460,17.364,14.00
62.32190,2.460,17.718,14.00
62.33431,2.311,17.718,14.50
62.34446,2.150,18.070,14.50
62.35463,2.150,18.070,14.50
62.36483,2.150,18.070,14.50
62.37502,1.976,18.398,14.50
62.38569,1.976,18.398,14.50
62.39845,1.798,18.759,14.50
62.40863,1.627,19.123,14.50
62.41879,1.627,19.123,14.50
62.43070,1.627,19.123,14.50
62.44109,1.464,19.660,14.50
62.45124,1.327,20.246,14.50
62.47691,1.327,20.246,14.50
62.48721,1.227,20.879,14.50
62.50918,1.227,20.879,14.50
62.51934,1.084,22.270,14.50
62.54129,1.042,22.909,15.00
62.55148,1.018,23.447,15.00
62.57309,1.018,23.899,15.00
62.58327,1.023,23.899,15.00
62.59344,1.033,24.241,15.00
62.60811,1.058,24.433,15.00
62.61830,1.058,24.433,15.00
62.63752,1.086,24.544,15.00
62.64779,1.117,24.640,15.00
62.65794,1.117,24.640,15.00
62.66970,1.159,24.746,15.00
62.67998,1.159,24.746,15.00
62.69044,1.210,24.867,15.00
62.70166,1.210,24.867,15.00
62.71181,1.275,25.016,15.00
62.72200,1.343,25.016,15.00
62.73391,1.343,25.167,15.00
62.74660,1.401,25.312,15.00
62.75676,1.401,25.312,15.00
62.76756,1.451,25.423,15.00
62.77782,1.451,25.423,15.00
62.78797,1.482,25.506,15.00
62.81928,1.482,25.578,15.00
62.82946,1.519,25.646,15.00
62.84486,1.519,25.646,15.00
62.85503,1.520,25.705,15.00
62.87719,1.520,25.765,15.00
62.88750,1.508,25.809,15.00
62.90954,1.508,25.849,15.00
62.91999,1.495,25.849,15.00
62.94331,1.476,25.884,15.00
62.95351,1.458,25.899,15.00
62.96364,1.458,25.912,15.00
62.97382,1.443,25.912,15.00
62.98411,1.432,25.919,15.00
62.99449,1.432,25.919,15.00
63.00580,1.431,25.933,15.00
63.01601,1.431,25.933,15.00
63.02633,1.403,25.955,15.00
63.03746,1.403,25.955,15.00
63.04792,1.391,25.976,15.00
63.05825,1.391,25.976,15.00
63.07075,1.401,26.001,15.00
63.08095,1.401,26.001,15.00
63.09111,1.397,26.019,15.00
63.11744,1.403,26.038,15.00
63.12784,1.399,26.058,15.00
63.14923,1.397,26.058,15.00
63.15996,1.397,26.079,15.00
63.18191,1.402,26.114,15.00
63.19207,1.409,26.148,15.00
63.21285,1.409,26.148,15.00
63.22310,1.422,26.194,15.00
63.23326,1.434,26.237,15.00
63.24531,1.434,26.237,15.00
63.25582,1.444,26.283,15.00
63.26703,1.448,26.329,15.00
63.27827,1.448,26.329,15.00
63.28861,1.445,26.368,15.00
63.29894,1.445,26.368,15.00
63.30952,1.438,26.415,15.00
63.31969,1.438,26.415,15.00
63.32985,1.420,26.455,15.00
63.34185,1.408,26.455,15.00
63.35202,1.408,26.490,15.00
63.36217,1.408,26.490,15.00
63.37298,1.390,26.531,15.00
63.38315,1.390,26.531,15.00
63.39330,1.373,26.568,15.00
63.40358,1.364,26.568,0.00
63.41374,1.364,26.619,0.00
63.42390,1.353,26.660,0.00
63.43405,1.353,26.660,0.00
63.44421,1.346,26.698,0.00
63.45436,1.346,26.698,0.00
63.46468,1.326,26.738,0.00
63.47483,1.326,26.738,0.00
63.48499,1.326,26.738,0.00
63.49515,1.281,26.770,0.00
63.50531,1.281,26.802,0.00
63.51546,1.200,26.802,0.00
63.52624,1.066,26.821,0.00
63.53660,1.066,26.821,0.00
63.54681,0.862,26.836,0.00
63.55719,0.862,26.836,0.00
63.56735,0.606,26.845,0.00
63.57751,0.606,26.845,0.00
63.58767,0.375,26.840,0.00
63.59785,0.375,26.840,0.00
63.60945,0.266,26.849,0.00
63.61972,0.266,26.849,0.00
63.62987,0.169,26.857,0.00
63.64003,0.169,26.857,0.00
63.65025,0.078,26.862,0.00
63.66041,0.078,26.862,0.00
63.67057,-0.009,26.819,0.00
63.68074,-0.009,26.819,0.00
63.69091,-0.111,26.702,0.00
63.70116,-0.111,26.702,0.00
63.71148,-0.158,26.462,0.00
63.72201,-0.179,26.462,0.00
63.73234,-0.179,25.902,0.00
63.74269,-0.209,25.902,0.00
63.75286,-0.209,25.094,0.00
63.76300,-0.209,24.072,0.00
63.77323,-0.232,24.072,0.00
63.78436,-0.251,22.970,0.00
63.79470,-0.251,22.970,0.00
63.80581,-0.251,21.868,0.00
63.81595,-0.280,21.868,0.00
63.82657,-0.280,20.779,0.00
63.83674,-0.291,20.779,0.00
63.84725,-0.268,19.685,0.00
63.85741,-0.268,19.685,0.00
63.86772,-0.236,18.597,0.00
63.87835,-0.236,17.471,0.00
63.88851,-0.216,17.471,0.00
63.89866,-0.216,17.471,0.00
63.90886,-0.216,17.471,0.00
63.91917,-0.216,17.471,0.00
63.92934,-0.144,15.643,0.00
63.93993,-0.144,15.643,0.00
63.95012,-0.095,14.786,0.00
63.96084,-0.095,14.786,0.00
63.97104,-0.036,13.906,0.00
63.98118,-0.036,13.092,0.00
63.99134,0.018,13.092,0.00
64.00150,0.018,12.348,0.00
64.01173,0.070,12.348,0.00
64.02194,0.070,12.348,0.00
64.03210,0.113,11.585,0.00
64.04230,0.160,11.585,0.00
64.05248,0.160,10.634,0.00
64.06295,0.208,10.634,0.00
64.07316,0.208,9.769,0.00
64.08343,0.208,9.769,0.00
64.09385,0.258,8.813,0.00
64.10413,0.258,8.813,0.00
64.11450,0.314,7.793,0.00
64.12464,0.366,6.874,0.00
64.13480,0.366,6.874,0.00
64.14510,0.401,5.940,0.00
64.15525,0.401,5.940,0.00
64.16541,0.412,5.130,0.00
64.17562,0.412,5.130,0.00
64.18599,0.395,4.401,0.00
64.19624,0.395,4.401,0.00
64.20639,0.343,3.693,0.00
64.21779,0.343,3.693,0.00
64.22800,0.263,3.141,0.00
64.23868,0.263,3.141,0.00
64.24884,0.173,2.643,0.00
64.25930,0.173,2.643,0.00
64.26946,0.080,2.120,0.00
64.27972,0.080,2.120,0.00
64.28988,-0.007,1.654,0.00
64.30007,-0.007,1.654,0.00
64.31022,-0.079,1.205,0.00
64.32267,-0.079,1.205,0.00
64.33285,-0.141,0.829,0.00
64.34301,-0.193,0.580,0.00
64.35316,-0.193,0.580,0.00
64.36332,-0.236,0.366,0.00
64.37347,-0.236,0.366,0.00
64.38371,-0.274,0.263,0.00
64.39388,-0.274,0.263,0.00
64.40407,-0.274,0.263,0.00
64.41423,-0.301,0.170,0.00
64.42440,-0.319,0.149,0.00
64.43456,-0.319,0.149,0.00
64.44488,-0.327,0.227,0.00
64.45504,-0.327,0.227,0.00
64.46519,-0.330,0.288,0.00
64.47535,-0.330,0.288,0.00
64.48596,-0.330,0.376,0.00
64.49571,-0.322,0.376,0.00
64.50688,-0.308,0.458,0.00
64.51733,-0.308,0.458,0.00
64.52748,-0.290,0.537,0.00
64.53808,-0.290,0.537,0.00
64.54823,-0.271,0.598,0.00
64.55873,-0.271,0.598,0.00
64.56889,-0.248,0.635,0.00
64.57904,-0.248,0.639,0.00
64.58919,-0.219,0.639,0.00
64.59933,-0.219,0.643,0.00
64.60999,-0.189,0.643,0.00
64.62026,-0.189,0.643,0.00
64.63048,-0.162,0.659,0.00
64.64065,-0.162,0.659,0.00
64.65083,-0.139,0.640,0.00
64.66099,-0.139,0.640,0.00
64.67125,-0.119,0.650,0.00
64.68200,-0.119,0.650,0.00
64.69230,-0.105,0.651,0.00
64.70246,-0.105,0.680,0.00
64.71262,-0.099,0.680,0.00
64.72278,-0.097,0.698,0.00
64.73295,-0.097,0.698,0.00
64.74310,-0.099,0.725,0.00
64.75326,-0.099,0.725,0.00
64.76342,-0.102,0.763,0.00
64.77368,-0.102,0.763,0.00
64.78385,-0.108,0.805,0.00
64.79402,-0.108,0.805,0.00
64.80418,-0.112,0.851,0.00
64.81446,-0.112,0.851,0.00
64.82466,-0.114,0.903,0.00
64.83480,-0.114,0.903,0.00
64.84495,-0.117,0.952,0.00
64.85522,-0.117,0.952,0.00
64.86538,-0.117,0.952,0.00
64.87572,-0.120,1.014,0.00
64.88588,-0.132,1.060,0.00
64.89604,-0.132,1.060,0.00
64.91378,-0.132,1.101,0.00
64.92415,-0.139,1.138,0.00
64.93457,-0.139,1.138,0.00
64.94494,-0.139,1.138,0.00
64.95510,-0.139,1.138,0.00
64.97088,-0.140,1.167,0.00
64.98144,-0.140,1.187,0.00
64.99164,-0.139,1.187,0.00
65.00224,-0.139,1.189,0.00
65.01266,-0.139,1.189,0.00
65.02311,-0.139,1.165,0.00
65.03351,-0.136,1.165,0.00
65.04392,-0.136,1.165,0.00
65.05433,-0.132,1.165,0.00
65.06483,-0.132,1.104,0.00
65.08288,-0.122,1.104,0.00
65.09301,-0.122,1.104,0.00
65.10874,-0.122,1.025,0.00
65.13448,-0.108,0.984,0.00
65.14849,-0.108,0.937,0.00
65.15869,-0.108,0.937,0.00
65.16892,-0.098,0.892,0.00
65.19418,-0.098,0.840,0.00
65.21255,-0.089,0.793,0.00
65.22389,-0.089,0.793,0.00
65.23441,-0.089,0.741,0.00
65.25044,-0.096,0.693,0.00
65.26951,-0.096,0.693,0.00
65.28751,-0.108,0.643,0.00
65.30420,-0.115,0.597,0.00
65.32178,-0.118,0.557,0.00
65.33847,-0.123,0.523,0.00
65.35440,-0.129,0.494,0.00
65.37374,-0.133,0.476,0.00
65.39107,-0.137,0.466,0.00
65.40797,-0.137,0.466,0.00
65.42457,-0.140,0.459,0.00
65.43595,-0.140,0.454,0.00
65.45187,-0.136,0.452,0.00
65.48154,-0.127,0.454,0.00
65.49289,-0.119,0.459,0.00
65.51070,-0.112,0.463,0.00
65.52661,-0.112,0.463,0.00
65.54387,-0.102,0.468,0.00
65.56277,-0.092,0.474,0.00
65.58177,-0.081,0.483,0.00
65.59847,-0.069,0.495,0.00
65.61562,-0.056,0.512,0.00
65.63246,-0.043,0.531,0.00
65.65015,-0.043,0.531,0.00
65.66461,-0.033,0.546,0.00
65.67726,-0.023,0.556,0.00
65.68911,-0.023,0.566,0.00
65.70096,-0.014,0.566,0.00
65.71743,-0.014,0.575,0.00
65.73198,0.005,0.577,0.00
65.74495,0.005,0.577,0.00
65.76000,0.013,0.585,0.00
65.77127,0.013,0.585,0.00
65.78810,0.018,0.589,0.00
65.80094,0.018,0.589,0.00
65.81774,0.025,0.585,0.00
65.82949,0.025,0.585,0.00
65.84491,0.025,0.585,0.00
65.85726,0.025,0.585,0.00
65.87086,0.027,0.585,0.00
65.88196,0.027,0.578,0.00
65.89363,0.024,0.569,0.00
65.97135,-0.047,0.521,0.00
65.98188,-0.047,0.521,0.00
66.06474,-0.047,0.521,0.00
66.07498,-0.126,0.468,0.00
66.08627,-0.015,0.468,0.00
66.09903,-0.033,-0.132,0.00
66.10927,-0.047,-0.154,0.00
66.11943,-0.047,-0.154,0.00
66.12968,-0.062,-0.179,0.00
66.13984,-0.062,-0.179,0.00
66.15003,-0.076,-0.179,0.00
66.16018,-0.076,-0.209,0.00
66.17040,-0.089,-0.236,0.00
66.18056,-0.089,-0.236,0.00
66.19087,-0.101,-0.271,0.00
66.20120,-0.113,-0.305,0.00
66.21156,-0.113,-0.305,0.00
66.22197,-0.119,-0.335,0.00
66.23213,-0.119,-0.335,0.00
66.24241,-0.119,-0.335,0.00
66.25257,-0.125,-0.365,0.00
66.26274,-0.130,-0.392,0.00
66.27290,-0.130,-0.392,0.00
66.28307,-0.134,-0.392,0.00
66.29321,-0.134,-0.414,0.00
66.30337,-0.134,-0.438,0.00
66.31382,-0.140,-0.438,0.00
66.32486,-0.145,-0.458,0.00
66.33503,-0.145,-0.458,0.00
66.34605,-0.149,-0.477,0.00
66.35653,-0.149,-0.477,0.00
66.36713,-0.154,-0.495,0.00
66.37768,-0.154,-0.495,0.00
66.38783,-0.156,-0.512,0.00
66.39823,-0.156,-0.512,0.00
66.40840,-0.158,-0.531,0.00
66.41867,-0.158,-0.531,0.00
66.42903,-0.158,-0.541,0.00
66.43940,-0.158,-0.541,0.00
66.44990,-0.158,-0.550,0.00
66.46011,-0.158,-0.560,0.00
66.47027,-0.157,-0.560,0.00
66.48043,-0.157,-0.560,0.00
66.49060,-0.155,-0.568,0.00
66.50090,-0.155,-0.568,0.00
66.51125,-0.155,-0.573,0.00
66.52141,-0.159,-0.576,0.00
66.53158,-0.159,-0.576,0.00
66.54208,-0.159,-0.576,0.00
66.55238,-0.162,-0.577,0.00
66.56284,-0.165,-0.578,0.00
66.57301,-0.165,-0.578,0.00
66.58334,-0.170,-0.578,0.00
66.59375,-0.170,-0.578,0.00
66.60418,-0.170,-0.578,0.00
66.61452,-0.181,-0.578,0.00
66.62513,-0.192,-0.578,0.00
66.63610,-0.192,-0.578,0.00
66.64627,-0.196,-0.575,0.00
66.65642,-0.196,-0.575,0.00
66.66663,-0.196,-0.575,0.00
66.67680,-0.197,-0.571,0.00
66.69033,-0.197,-0.564,0.00
66.70054,-0.199,-0.564,0.00
66.71076,-0.201,-0.557,0.00
66.72113,-0.201,-0.557,0.00
66.73129,-0.204,-0.553,0.00
66.74145,-0.204,-0.553,0.00
66.75178,-0.209,-0.549,0.00
66.76202,-0.209,-0.549,0.00
66.77217,-0.215,-0.550,0.00
66.78237,-0.223,-0.556,0.00
66.79271,-0.223,-0.556,0.00
66.80408,-0.223,-0.556,0.00
66.81451,-0.231,-0.563,0.00
66.82476,-0.231,-0.563,0.00
66.83493,-0.231,-0.567,0.00
66.84512,-0.238,-0.567,0.00
66.85526,-0.247,-0.576,0.00
66.86542,-0.257,-0.583,0.00
66.87557,-0.257,-0.583,0.00
66.88573,-0.257,-0.583,0.00
66.89588,-0.257,-0.583,0.00
66.90617,-0.262,-0.596,0.00
66.91645,-0.264,-0.606,0.00
66.92657,-0.265,-0.617,0.00
66.93683,-0.265,-0.617,0.00
66.94701,-0.267,-0.622,0.00
66.95717,-0.267,-0.622,0.00
66.96809,-0.267,-0.622,0.00
66.97827,-0.271,-0.626,0.00
66.98849,-0.275,-0.632,0.00
66.99925,-0.275,-0.632,0.00
67.00952,-0.279,-0.638,0.00
67.01971,-0.279,-0.638,0.00
67.02985,-0.279,-0.638,0.00
67.04001,-0.284,-0.647,0.00
67.05015,-0.285,-0.653,0.00
67.06274,-0.285,-0.653,0.00
67.07298,-0.285,-0.661,0.00
67.08313,-0.285,-0.661,0.00
67.09329,-0.282,-0.668,0.00
67.10345,-0.282,-0.668,0.00
67.11363,-0.278,-0.671,0.00
67.12379,-0.274,-0.673,0.00
67.13395,-0.274,-0.673,0.00
67.14429,-0.274,-0.673,0.00
67.15444,-0.267,-0.675,0.00
67.16462,-0.262,-0.673,0.00
67.17492,-0.262,-0.673,0.00
67.18523,-0.258,-0.669,0.00
67.19540,-0.258,-0.669,0.00
67.20567,-0.258,-0.666,0.00
67.21594,-0.253,-0.666,0.00
67.22617,-0.253,-0.666,0.00
67.23634,-0.245,-0.663,0.00
67.24661,-0.245,-0.663,0.00
67.25678,-0.238,-0.659,0.00
67.26695,-0.238,-0.659,0.00
67.27739,-0.233,-0.655,0.00
67.28798,-0.233,-0.655,0.00
67.29845,-0.230,-0.655,0.00
67.30862,-0.230,-0.651,0.00
67.31880,-0.221,-0.648,0.00
67.32897,-0.206,-0.641,0.00
67.33931,-0.206,-0.641,0.00
67.34950,-0.192,-0.634,0.00
67.35970,-0.192,-0.634,0.00
67.36985,-0.179,-0.625,0.00
67.38005,-0.179,-0.625,0.00
67.39021,-0.167,-0.613,0.00
67.40036,-0.167,-0.613,0.00
67.41061,-0.167,-0.613,0.00
67.42079,-0.167,-0.613,0.00
67.43095,-0.167,-0.613,0.00
67.44121,-0.167,-0.613,0.00
67.45191,-0.151,-0.585,0.00
67.46206,-0.144,-0.573,0.00
67.47222,-0.138,-0.561,0.00
67.48238,-0.138,-0.561,0.00
67.49253,-0.131,-0.549,0.00
67.50271,-0.131,-0.549,0.00
67.51291,-0.125,-0.540,0.00
67.52307,-0.125,-0.527,0.00
67.53323,-0.124,-0.527,0.00
67.54343,-0.124,-0.527,0.00
67.55385,-0.120,-0.515,0.00
67.56400,-0.115,-0.502,0.00
67.57414,-0.115,-0.502,0.00
67.58431,-0.115,-0.502,0.00
67.59456,-0.115,-0.502,0.00
67.60481,-0.112,-0.487,0.00
67.61521,-0.111,-0.467,0.00
67.62537,-0.111,-0.467,0.00
67.63553,-0.111,-0.467,0.00
67.64568,-0.113,-0.467,0.00
67.65585,-0.113,-0.448,0.00
67.66601,-0.113,-0.448,0.00
67.67637,-0.113,-0.448,0.00
67.68687,-0.113,-0.448,0.00
67.69715,-0.117,-0.432,0.00
67.70754,-0.117,-0.432,0.00
67.71791,-0.117,-0.432,0.00
67.72839,-0.117,-0.432,0.00
67.73865,-0.117,-0.432,0.00
67.74898,-0.117,-0.432,0.00
67.75934,-0.117,-0.432,0.00
67.77078,-0.117,-0.432,0.00
67.78094,-0.117,-0.432,0.00
67.79133,-0.120,-0.419,0.00
67.80366,-0.123,-0.405,0.00
67.81388,-0.125,-0.391,0.00
67.82402,-0.125,-0.381,0.00
67.83428,-0.125,-0.372,0.00
67.84454,-0.123,-0.343,0.00
67.85562,-0.119,-0.333,0.00
67.86596,-0.110,-0.321,0.00
67.87618,-0.105,-0.308,0.00
67.88697,-0.099,-0.296,0.00
67.89710,-0.090,-0.284,0.00
67.90727,-0.081,-0.273,0.00
67.91742,-0.081,-0.273,0.00
67.92759,-0.071,-0.273,0.00
67.93792,-0.071,-0.264,0.00
67.94825,-0.062,-0.256,0.00
67.95871,-0.062,-0.256,0.00
67.96876,-0.043,-0.250,0.00
67.97895,-0.043,-0.250,0.00
67.98911,-0.018,-0.244,0.00
67.99927,-0.018,-0.244,0.00
68.00944,0.007,-0.235,0.00
68.01993,0.007,-0.235,0.00
68.03009,0.033,-0.228,0.00
68.04025,0.033,-0.228,0.00
68.05040,0.063,-0.221,0.00
68.06056,0.063,-0.219,0.00
68.07071,0.095,-0.219,0.00
68.08097,0.095,-0.216,0.00
68.09128,0.131,-0.216,0.00
68.10166,0.166,-0.218,0.00
68.11190,0.166,-0.218,0.00
68.12207,0.203,-0.218,0.00
68.13239,0.203,-0.220,0.00
68.14255,0.248,-0.220,0.00
68.15272,0.248,-0.218,0.00
68.16399,0.248,-0.218,0.00
68.17531,0.292,-0.217,0.00
68.18583,0.333,-0.218,0.00
68.19613,0.333,-0.218,0.00
68.20640,0.379,-0.219,0.00
68.21655,0.379,-0.219,0.00
68.22670,0.419,-0.219,0.00
68.23699,0.419,-0.225,0.00
68.24731,0.455,-0.227,0.00
68.25751,0.455,-0.227,0.00
68.26782,0.455,-0.227,0.00
68.27808,0.486,-0.227,0.00
68.28827,0.514,-0.234,0.00
68.29842,0.514,-0.234,0.00
68.30858,0.538,-0.245,0.00
68.31874,0.538,-0.245,0.00
68.33004,0.561,-0.253,0.00
68.34052,0.561,-0.262,0.00
68.35068,0.586,-0.262,0.00
68.36085,0.586,-0.262,0.00
68.37107,0.609,-0.274,0.00
68.38128,0.609,-0.274,0.00
68.39143,0.635,-0.297,0.00
68.40169,0.635,-0.297,0.00
68.41191,0.655,-0.325,0.00
68.42206,0.655,-0.325,0.00
68.43241,0.673,-0.352,0.00
68.44257,0.701,-0.377,0.00
68.45281,0.701,-0.377,0.00
68.46333,0.701,-0.377,0.00
68.47353,0.753,-0.403,0.00
68.48369,0.753,-0.403,0.00
68.49385,0.852,-0.426,0.00
68.50401,0.978,-0.451,0.00
68.51416,0.978,-0.451,0.00
68.52432,1.091,-0.480,0.00
68.53448,1.091,-0.480,0.00
68.54471,1.204,-0.510,0.00
68.55492,1.204,-0.510,0.00
68.56508,1.311,-0.532,0.00
68.57523,1.311,-0.532,0.00
68.58580,1.405,-0.546,0.00
68.59597,1.405,-0.546,0.00
68.60688,1.484,-0.563,0.00
68.61710,1.484,-0.563,0.00
68.63018,1.574,-0.586,0.00
68.64040,1.574,-0.586,0.00
68.65056,1.703,-0.606,0.00
68.66077,1.887,-0.606,0.00
68.67092,1.887,-0.623,0.00
68.68108,1.887,-0.623,0.00
68.69124,2.143,-0.634,0.00
68.70140,2.143,-0.634,0.00
68.71172,2.481,-0.637,0.00
68.72215,2.481,-0.625,0.00
68.73233,2.803,-0.625,0.00
68.74260,3.094,-0.611,0.00
68.75278,3.094,-0.611,0.00
68.76309,3.094,-0.610,0.00
68.77349,3.392,-0.610,0.00
68.78364,3.392,-0.610,0.00
68.79381,3.701,-0.603,0.00
68.80401,3.701,-0.603,0.00
68.81422,4.044,-0.588,0.00
68.82443,4.422,-0.588,0.00
68.83460,4.422,-0.575,0.00
68.84526,4.843,-0.560,0.00
68.85542,4.843,-0.560,0.00
68.86573,4.843,-0.560,0.00
68.87589,5.304,-0.535,0.00
68.88664,5.304,-0.535,0.00
68.89681,5.819,-0.502,0.00
68.90697,6.387,-0.464,0.00
68.91713,6.387,-0.464,0.00
68.92760,6.987,-0.436,0.00
68.93881,6.987,-0.436,0.00
68.94900,7.653,-0.408,0.00
68.95970,7.653,-0.408,0.00
68.96987,8.425,-0.382,0.00
68.98013,8.425,-0.382,0.00
68.99034,9.275,-0.355,0.00
69.00055,9.275,-0.355,0.00
69.01083,10.174,-0.324,0.00
69.02225,10.174,-0.324,0.00
69.03244,11.105,-0.288,0.00
69.04280,11.105,-0.288,0.00
69.05620,12.055,-0.258,10.00
69.06744,13.034,-0.231,10.00
69.07767,13.034,-0.231,10.00
69.08782,14.039,-0.213,10.00
69.09797,14.039,-0.213,10.00
69.10888,15.053,-0.194,10.00
69.11904,15.053,-0.194,10.00
69.12944,16.072,-0.166,10.00
69.13959,16.072,-0.166,10.00
69.16462,16.072,-0.166,10.00
69.17480,18.047,-0.098,10.00
69.19687,18.047,-0.098,10.00
69.20783,20.036,-0.054,10.00
69.22998,20.992,-0.038,10.00
69.24013,20.992,-0.038,10.00
69.26304,20.992,0.010,10.00
69.27336,22.872,0.010,10.00
69.29552,23.778,0.203,10.00
69.30671,24.622,0.408,10.00
69.32535,25.376,0.477,10.00
69.33574,25.376,0.477,10.00
69.34633,26.057,0.687,10.00
69.35778,26.057,0.687,10.00
69.36794,26.673,0.984,10.00
69.37809,26.673,0.984,10.00
69.39020,27.210,1.335,10.50
69.40052,27.210,1.335,10.50
69.41095,27.659,1.617,10.50
69.42220,27.659,1.617,10.50
69.43236,27.659,1.617,10.50
69.44252,27.659,1.617,10.50
69.45271,27.659,1.884,10.50
69.46288,28.187,2.161,10.50
69.47305,28.262,2.457,10.50
69.50309,28.237,2.752,10.50
69.51325,28.237,2.752,10.50
69.53265,28.128,3.064,10.50
69.54284,27.886,3.382,10.50
69.56501,27.513,4.041,10.50
69.57520,27.040,4.041,10.50
69.59702,26.479,4.041,11.00
69.60930,25.808,4.545,11.00
69.62862,25.808,4.545,11.00
69.63879,25.018,4.755,11.00
69.64895,24.091,4.922,11.00
69.66099,24.091,4.922,11.00
69.67118,23.045,5.098,11.00
69.68134,23.045,5.098,11.00
69.69345,21.888,5.306,11.00
69.70364,21.888,5.306,11.00
69.71380,20.643,5.528,11.00
69.72510,19.333,5.742,11.50
69.73542,19.333,5.742,11.50
69.74689,17.976,5.964,11.50
69.75747,17.976,5.964,11.50
69.76818,16.607,6.169,11.50
69.77857,16.607,6.169,11.50
69.80516,15.220,6.501,11.50
69.81536,13.804,6.501,11.50
69.83788,13.804,6.501,11.50
69.84805,10.947,6.744,11.50
69.86869,10.947,6.744,12.00
69.87887,9.544,6.819,12.00
69.88903,8.186,6.884,12.00
69.90135,6.859,6.911,12.00
69.91177,6.859,6.911,12.00
69.92206,5.604,6.911,12.00
69.93619,5.604,6.920,12.00
69.94654,4.437,6.920,12.00
69.96662,3.410,6.943,12.50
69.97678,3.410,6.943,12.50
69.98693,2.355,6.984,12.50
69.99902,2.355,6.984,12.50
70.00933,1.402,7.029,12.50
70.01965,1.402,7.029,12.50
70.03078,0.749,7.086,12.50
70.04115,0.439,7.168,12.50
70.05148,0.439,7.168,12.50
70.07662,0.439,7.168,13.00
70.08678,0.377,7.364,13.00
70.10933,0.377,7.478,13.00
70.11952,0.495,7.478,13.00
70.12968,0.642,7.604,13.00
70.14115,0.642,7.604,13.00
70.15147,0.768,7.747,13.00
70.16193,0.827,7.747,13.00
70.17475,0.827,7.907,13.50
70.18507,0.834,7.907,13.50
70.19528,0.834,8.097,13.50
70.20544,0.780,8.339,13.50
70.21571,0.780,8.339,13.50
70.22596,0.686,8.594,13.50
70.23695,0.686,8.594,13.50
70.24724,0.598,8.594,13.50
70.25768,0.598,8.852,13.50
70.28521,0.472,9.133,14.00
70.29598,0.472,9.423,14.00
70.31787,0.484,9.733,14.00
70.32803,0.541,10.088,14.00
70.35042,0.541,10.088,14.00
70.36059,0.620,10.445,14.00
70.38203,0.708,11.220,14.00
70.39330,0.809,11.220,14.00
70.41298,0.918,11.604,14.50
70.42331,0.918,12.012,14.50
70.43379,1.054,12.012,14.50
70.44497,1.054,12.012,14.50
70.45515,1.398,12.433,14.50
70.46579,1.653,12.871,14.50
70.47722,1.653,12.871,14.50
70.48794,1.853,12.871,14.50
70.49847,1.853,13.353,14.50
70.50940,1.995,13.938,14.50
70.52215,1.995,13.938,14.50
70.53233,2.063,14.668,14.50
70.54249,2.091,15.390,14.50
70.55264,2.091,15.390,14.50
70.56278,2.102,16.178,14.50
70.59126,2.106,16.961,14.50
70.60168,2.106,17.777,14.50
70.62380,2.084,18.566,15.00
70.63396,2.021,18.566,15.00
70.65551,1.919,18.566,15.00
70.66611,1.793,20.094,15.00
70.68653,1.664,20.094,15.00
70.69671,1.664,20.877,15.00
70.70805,1.522,21.516,15.00
70.71872,1.522,21.516,15.00
70.72902,1.389,22.071,15.00
70.73918,1.389,22.071,15.00
70.74949,1.277,22.547,15.00
70.75965,1.277,22.547,15.00
70.76982,1.177,22.975,15.00
70.78069,1.177,22.975,15.00
70.79086,1.103,23.341,15.00
70.80118,1.103,23.341,15.00
70.81162,1.045,23.618,15.00
70.83099,1.024,23.890,15.00
70.84117,0.999,24.188,15.00
70.86116,0.999,24.188,15.00
70.87138,0.981,24.431,15.00
70.89309,0.981,24.690,15.00
70.90383,0.991,24.690,15.00
70.92671,1.031,25.171,15.00
70.93687,1.031,25.171,15.00
70.95753,1.066,25.372,15.00
70.96832,1.110,25.530,15.00
70.97848,1.110,25.530,15.00
70.99119,1.163,25.530,15.00
71.00215,1.163,25.659,15.00
71.01231,1.217,25.747,15.00
71.02246,1.217,25.747,15.00
71.03270,1.279,25.801,15.00
71.04283,1.348,25.830,15.00
71.05299,1.348,25.830,15.00
71.06333,1.348,25.828,15.00
71.07391,1.414,25.828,15.00
71.10153,1.537,25.788,15.00
71.11200,1.537,25.788,15.00
71.13724,1.589,25.755,15.00
71.14816,1.626,25.730,15.00
71.16545,1.626,25.730,15.00
71.17578,1.651,25.701,15.00
71.20002,1.661,25.675,15.00
71.21026,1.665,25.641,15.00
71.22941,1.665,25.603,15.00
71.23992,1.665,25.603,15.00
71.25032,1.661,25.576,15.00
71.26069,1.661,25.576,15.00
71.27119,1.654,25.555,15.00
71.28149,1.654,25.555,15.00
71.29329,1.652,25.553,15.00
71.30358,1.652,25.565,15.00
71.31375,1.660,25.565,15.00
71.32482,1.660,25.565,15.00
71.33500,1.671,25.594,15.00
71.34516,1.671,25.594,15.00
71.35711,1.648,25.636,15.00
71.36739,1.648,25.669,15.00
71.37887,1.678,25.669,15.00
71.40799,1.700,25.711,15.00
71.41814,1.700,25.752,15.00
71.43767,1.711,25.807,15.00
71.44798,1.715,25.859,15.00
71.45927,1.725,25.859,0.00
71.46948,1.725,25.911,0.00
71.47964,1.725,25.911,0.00
71.48981,1.737,25.960,0.00
71.49998,1.737,25.960,0.00
71.51014,1.753,26.004,0.00
71.52029,1.753,26.004,0.00
71.53046,1.760,26.045,0.00
71.54069,1.760,26.081,0.00
71.55086,1.734,26.081,0.00
71.56108,1.734,26.081,0.00
71.57128,1.664,26.119,0.00
71.58203,1.664,26.119,0.00
71.59219,1.530,26.154,0.00
71.60253,1.530,26.154,0.00
71.61291,1.321,26.182,0.00
71.62307,1.060,26.182,0.00
71.63322,1.060,26.217,0.00
71.64344,1.060,26.217,0.00
71.65403,0.812,26.241,0.00
71.66430,0.812,26.241,0.00
71.67453,0.622,26.269,0.00
71.68483,0.622,26.269,0.00
71.69505,0.490,26.295,0.00
71.70525,0.490,26.295,0.00
71.71541,0.394,26.312,0.00
71.72563,0.327,26.267,0.00
71.73579,0.327,26.267,0.00
71.74594,0.280,26.146,0.00
71.75610,0.280,26.146,0.00
71.76640,0.239,25.871,0.00
71.77666,0.239,25.871,0.00
71.78683,0.182,25.335,0.00
71.79700,0.182,25.335,0.00
71.80713,0.156,25.335,0.00
71.81730,0.156,24.538,0.00
71.82751,0.132,23.445,0.00
71.83783,0.132,23.445,0.00
71.84800,0.108,22.463,0.00
71.85826,0.108,22.463,0.00
71.86849,0.103,21.522,0.00
71.87865,0.103,21.522,0.00
71.88881,0.122,20.569,0.00
71.89899,0.122,20.569,0.00
71.90927,0.140,19.607,0.00
71.91957,0.140,19.607,0.00
71.92973,0.170,18.647,0.00
71.93988,0.170,17.718,0.00
71.95003,0.201,17.718,0.00
71.96019,0.201,17.718,0.00
71.97049,0.233,16.803,0.00
71.98419,0.233,15.787,0.00
71.99434,0.264,15.787,0.00
72.00458,0.295,15.787,0.00
72.01474,0.295,14.909,0.00
72.02491,0.325,14.022,0.00
72.03508,0.325,14.022,0.00
72.04524,0.346,13.077,0.00
72.05541,0.346,13.077,0.00
72.06574,0.371,12.162,0.00
72.07619,0.371,12.162,0.00
72.08646,0.371,12.162,0.00
72.09662,0.405,11.267,0.00
72.10678,0.441,10.436,0.00
72.11694,0.441,10.436,0.00
72.12843,0.441,10.436,0.00
72.13900,0.479,9.575,0.00
72.14916,0.516,8.507,0.00
72.15940,0.516,8.507,0.00
72.16965,0.552,7.456,0.00
72.18008,0.552,7.456,0.00
72.19025,0.583,6.399,0.00
72.20169,0.583,6.399,0.00
72.21186,0.609,5.317,0.00
72.22223,0.609,5.317,0.00
72.23250,0.627,4.210,0.00
72.24266,0.637,3.150,0.00
72.25281,0.637,3.150,0.00
72.26309,0.637,3.150,0.00
72.27341,0.634,2.143,0.00
72.28358,0.637,1.203,0.00
72.29395,0.637,1.203,0.00
72.30429,0.637,0.234,0.00
72.31460,0.634,0.234,0.00
72.32613,0.634,-0.493,0.00
72.33628,0.624,-0.493,0.00
72.34643,0.599,-1.108,0.00
72.35658,0.599,-1.108,0.00
72.36679,0.569,-1.595,0.00
72.37718,0.569,-1.595,0.00
72.38773,0.534,-1.962,0.00
72.39834,0.534,-1.962,0.00
72.40884,0.497,-2.168,0.00
72.41909,0.497,-2.168,0.00
72.42935,0.457,-2.299,0.00
72.43962,0.457,-2.299,0.00
72.44979,0.412,-2.313,0.00
72.45999,0.412,-2.313,0.00
72.47025,0.364,-2.268,0.00
72.48057,0.364,-2.268,0.00
72.49063,0.314,-2.156,0.00
72.50101,0.314,-2.156,0.00
72.51120,0.267,-2.041,0.00
72.52136,0.267,-2.041,0.00
72.53152,0.219,-1.939,0.00
72.54168,0.219,-1.842,0.00
72.55190,0.173,-1.842,0.00
72.56211,0.173,-1.842,0.00
72.57251,0.127,-1.778,0.00
72.58266,0.086,-1.721,0.00
72.59384,0.086,-1.721,0.00
72.60414,0.049,-1.676,0.00
72.61429,0.049,-1.676,0.00
72.62533,0.049,-1.676,0.00
72.63549,0.016,-1.622,0.00
72.64569,-0.010,-1.586,0.00
72.65585,-0.010,-1.586,0.00
72.66686,-0.032,-1.560,0.00
72.67701,-0.032,-1.560,0.00
72.68795,-0.050,-1.533,0.00
72.69831,-0.050,-1.533,0.00
72.70863,-0.066,-1.499,0.00
72.71914,-0.066,-1.499,0.00
72.73031,-0.077,-1.468,0.00
72.74237,-0.077,-1.468,0.00
72.75255,-0.069,-1.447,0.00
72.76326,-0.069,-1.447,0.00
72.77341,-0.058,-1.424,0.00
72.78372,-0.039,-1.401,0.00
72.79408,-0.039,-1.401,0.00
72.80665,-0.039,-1.401,0.00
72.81686,-0.013,-1.389,0.00
72.82703,0.017,-1.378,0.00
72.83724,0.017,-1.378,0.00
72.84749,0.047,-1.375,0.00
72.85774,0.047,-1.375,0.00
72.86825,0.080,-1.381,0.00
72.87845,0.080,-1.381,0.00
72.89015,0.112,-1.397,0.00
72.89901,0.112,-1.397,0.00
72.90977,0.144,-1.421,0.00
72.91997,0.144,-1.421,0.00
72.93013,0.144,-1.421,0.00
72.94029,0.175,-1.450,0.00
72.95044,0.197,-1.488,0.00
72.96065,0.197,-1.488,0.00
72.97682,0.208,-1.533,0.00
72.99648,0.219,-1.570,0.00
73.01677,0.221,-1.603,0.00
73.03261,0.210,-1.627,0.00
73.06518,0.190,-1.639,0.00
73.07581,0.156,-1.639,0.00
73.08638,0.156,-1.630,0.00
73.09806,0.111,-1.630,0.00
73.10857,0.111,-1.617,0.00
73.12059,0.027,-1.603,0.00
73.13112,0.027,-1.603,0.00
73.14292,-0.006,-1.594,0.00
73.15375,-0.006,-1.594,0.00
73.16987,-0.031,-1.594,0.00
73.18470,-0.031,-1.607,0.00
73.19548,-0.049,-1.607,0.00
73.20827,-0.063,-1.607,0.00
73.21971,-0.063,-1.624,0.00
73.23092,-0.073,-1.624,0.00
73.24148,-0.073,-1.624,0.00
73.25380,-0.082,-1.647,0.00
73.26909,-0.084,-1.647,0.00
73.28508,-0.084,-1.718,0.00
73.29593,-0.077,-1.718,0.00
73.31207,-0.059,-1.776,0.00
73.32225,-0.022,-1.776,0.00
73.33297,-0.022,-1.833,0.00
73.34323,-0.022,-1.833,0.00
73.35404,0.022,-1.868,0.00
73.36439,0.071,-1.886,0.00
73.37478,0.071,-1.886,0.00
73.38520,0.122,-1.886,0.00
73.39562,0.122,-1.889,0.00
73.40587,0.122,-1.889,0.00
73.42204,0.176,-1.889,0.00
73.44209,0.176,-1.861,0.00
73.45459,0.226,-1.835,0.00
73.46601,0.269,-1.835,0.00
73.48689,0.269,-1.835,0.00
73.50055,0.349,-1.795,0.00
73.51471,0.349,-1.783,0.00
73.52681,0.349,-1.778,0.00
73.53871,0.412,-1.778,0.00
73.55486,0.433,-1.769,0.00
73.56599,0.433,-1.769,0.00
73.59310,0.446,-1.745,0.00
73.61404,0.440,-1.745,0.00
73.62657,0.425,-1.696,0.00
73.63780,0.425,-1.696,0.00
73.65382,0.401,-1.696,0.00
73.66455,0.373,-1.652,0.00
73.67469,0.373,-1.652,0.00
73.68642,0.373,-1.652,0.00
73.70178,0.339,-1.642,0.00
73.71314,0.305,-1.639,0.00
73.72437,0.305,-1.639,0.00
73.73961,0.305,-1.649,0.00
73.75535,0.247,-1.665,0.00
73.76712,0.224,-1.665,0.00
73.77881,0.224,-1.685,0.00
73.80802,0.207,-1.703,0.00
73.81912,0.194,-1.726,0.00
73.83090,0.194,-1.726,0.00
73.84385,0.182,-1.750,0.00
73.85403,0.170,-1.750,0.00
73.86427,0.157,-1.777,0.00
73.87443,0.157,-1.807,0.00
73.89060,0.150,-1.827,0.00
73.90826,0.150,-1.827,0.00
73.92082,0.147,-1.847,0.00
73.94736,0.143,-1.864,0.00
73.95801,0.141,-1.864,0.00
74.02358,0.133,-1.946,0.00
74.03420,0.133,-1.946,0.00
74.08826,0.112,-1.946,0.00
74.09861,0.112,-1.999,0.00
74.11311,-0.082,-2.012,0.00
74.12435,-0.082,-0.309,0.00
74.13453,-0.082,-0.326,0.00
74.14496,-0.085,-0.344,0.00
74.15523,-0.085,-0.344,0.00
74.16539,-0.089,-0.359,0.00
74.17556,-0.089,-0.359,0.00
74.18586,-0.094,-0.380,0.00
74.19602,-0.094,-0.380,0.00
74.20694,-0.092,-0.401,0.00
74.21715,-0.092,-0.401,0.00
74.22735,-0.084,-0.419,0.00
74.23777,-0.084,-0.419,0.00
74.24800,-0.077,-0.437,0.00
74.25824,-0.077,-0.437,0.00
74.26925,-0.069,-0.450,0.00
74.27966,-0.069,-0.450,0.00
74.29019,-0.063,-0.459,0.00
74.30085,-0.063,-0.459,0.00
74.31106,-0.060,-0.467,0.00
74.32130,-0.060,-0.467,0.00
74.33146,-0.057,-0.474,0.00
74.34169,-0.053,-0.474,0.00
74.35185,-0.053,-0.493,0.00
74.36206,-0.053,-0.493,0.00
74.37222,-0.049,-0.509,0.00
74.38249,-0.039,-0.530,0.00
74.39266,-0.039,-0.530,0.00
74.40283,-0.039,-0.530,0.00
74.41309,-0.033,-0.557,0.00
74.42333,-0.033,-0.557,0.00
74.43350,-0.031,-0.582,0.00
74.44365,-0.025,-0.608,0.00
74.45381,-0.025,-0.608,0.00
74.46394,-0.017,-0.630,0.00
74.47415,-0.017,-0.630,0.00
74.48446,-0.011,-0.648,0.00
74.49465,-0.011,-0.648,0.00
74.50491,-0.011,-0.664,0.00
74.51506,-0.005,-0.664,0.00
74.52520,-0.002,-0.677,0.00
74.53535,-0.002,-0.677,0.00
74.54552,-0.002,-0.686,0.00
74.55580,-0.000,-0.686,0.00
74.56644,0.002,-0.697,0.00
74.57677,0.002,-0.697,0.00
74.58711,0.003,-0.707,0.00
74.59755,0.003,-0.707,0.00
74.60801,0.008,-0.713,0.00
74.61826,0.008,-0.713,0.00
74.62870,0.017,-0.721,0.00
74.63884,0.017,-0.721,0.00
74.64900,0.017,-0.721,0.00
74.65918,0.025,-0.731,0.00
74.66933,0.033,-0.733,0.00
74.67964,0.033,-0.733,0.00
74.68973,0.040,-0.736,0.00
74.69989,0.040,-0.736,0.00
74.71006,0.045,-0.740,0.00
74.72022,0.045,-0.740,0.00
74.73038,0.051,-0.736,0.00
74.74056,0.051,-0.736,0.00
74.75081,0.051,-0.736,0.00
74.76104,0.055,-0.728,0.00
74.77121,0.053,-0.719,0.00
74.78137,0.053,-0.719,0.00
74.79153,0.050,-0.708,0.00
74.80174,0.040,-0.708,0.00
74.81192,0.040,-0.699,0.00
74.82222,0.040,-0.699,0.00
74.83236,0.028,-0.692,0.00
74.84259,0.028,-0.692,0.00
74.85283,0.023,-0.686,0.00
74.86368,0.023,-0.686,0.00
74.87383,0.034,-0.681,0.00
74.88399,0.080,-0.674,0.00
74.89415,0.080,-0.674,0.00
74.90511,0.155,-0.665,0.00
74.91535,0.155,-0.665,0.00
74.92550,0.259,-0.658,0.00
74.93580,0.259,-0.658,0.00
74.94642,0.364,-0.652,0.00
74.95674,0.364,-0.652,0.00
74.96768,0.364,-0.650,0.00
74.97786,0.472,-0.650,0.00
74.98925,0.556,-0.649,0.00
74.99943,0.556,-0.649,0.00
75.00984,0.599,-0.649,0.00
75.02006,0.599,-0.649,0.00
75.03022,0.608,-0.647,0.00
75.04193,0.608,-0.647,0.00
75.05210,0.608,-0.646,0.00
75.06227,0.608,-0.646,0.00
75.07244,0.611,-0.676,0.00
75.08261,0.611,-0.676,0.00
75.09281,0.613,-0.748,0.00
75.10297,0.625,-0.855,0.00
75.11311,0.625,-0.855,0.00
75.12326,0.625,-0.855,0.00
75.13369,0.644,-1.007,0.00
75.14689,0.655,-1.191,0.00
75.15705,0.655,-1.191,0.00
75.16720,0.650,-1.374,0.00
75.17734,0.650,-1.374,0.00
75.18758,0.650,-1.374,0.00
75.19796,0.620,-1.520,0.00
75.20819,0.563,-1.626,0.00
75.21947,0.563,-1.702,0.00
75.23041,0.493,-1.702,0.00
75.24061,0.493,-1.702,0.00
75.25078,0.424,-1.741,0.00
75.26100,0.424,-1.741,0.00
75.27116,0.356,-1.765,0.00
75.28133,0.288,-1.765,0.00
75.29174,0.288,-1.787,0.00
75.30190,0.220,-1.787,0.00
75.31206,0.220,-1.818,0.00
75.32222,0.168,-1.818,0.00
75.33245,0.168,-1.859,0.00
75.34261,0.168,-1.907,0.00
75.35277,0.128,-1.907,0.00
75.36293,0.128,-1.907,0.00
75.37308,0.097,-1.946,0.00
75.38324,0.077,-1.955,0.00
75.39340,0.077,-1.955,0.00
75.40369,0.066,-1.931,0.00
75.41384,0.066,-1.931,0.00
75.42406,0.065,-1.871,0.00
75.43423,0.065,-1.871,0.00
75.44443,0.065,-1.871,0.00
75.45459,0.080,-1.774,0.00
75.46475,0.080,-1.774,0.00
75.47491,0.106,-1.656,0.00
75.48511,0.142,-1.530,0.00
75.49528,0.142,-1.530,0.00
75.50544,0.142,-1.530,0.00
75.51563,0.186,-1.402,0.00
75.52584,0.234,-1.266,0.00
75.53607,0.234,-1.266,0.00
75.54752,0.285,-1.103,0.00
75.55769,0.285,-1.103,0.00
75.56786,0.337,-0.950,0.00
75.57936,0.337,-0.950,0.00
75.58951,0.391,-0.795,0.00
75.60094,0.391,-0.795,0.00
75.61113,0.427,-0.638,0.00
75.62135,0.427,-0.638,0.00
75.63151,0.448,-0.488,0.00
75.64181,0.448,-0.488,0.00
75.65197,0.471,-0.350,0.00
75.66218,0.471,-0.228,0.00
75.67234,0.495,-0.228,0.00
75.68271,0.495,-0.139,0.00
75.69309,0.511,-0.139,0.00
75.70325,0.539,-0.139,0.00
75.71343,0.539,-0.085,0.00
75.72358,0.589,-0.085,0.00
75.73374,0.589,-0.070,0.00
75.74390,0.589,-0.070,0.00
75.75408,0.646,-0.088,0.00
75.76424,0.646,-0.145,0.00
75.77637,0.699,-0.145,0.00
75.78673,0.740,-0.222,0.00
75.79719,0.740,-0.222,0.00
75.80762,0.766,-0.301,0.00
75.81866,0.766,-0.301,0.00
75.82913,0.785,-0.398,0.00
75.83929,0.785,-0.398,0.00
75.85045,0.793,-0.512,0.00
75.86057,0.793,-0.512,0.00
75.87073,0.780,-0.638,0.00
75.88088,0.758,-0.758,0.00
75.89141,0.758,-0.758,0.00
75.90171,0.758,-0.884,0.00
75.91189,0.730,-0.884,0.00
75.92207,0.730,-0.884,0.00
75.93225,0.701,-1.000,0.00
75.94241,0.674,-1.000,0.00
75.95284,0.674,-1.097,0.00
75.96304,0.654,-1.097,0.00
75.97320,0.654,-1.185,0.00
75.98338,0.654,-1.185,0.00
75.99353,0.640,-1.272,0.00
76.00394,0.640,-1.272,0.00
76.01414,0.632,-1.354,0.00
76.02427,0.625,-1.433,0.00
76.03443,0.625,-1.433,0.00
76.04461,0.623,-1.487,0.00
76.05477,0.623,-1.487,0.00
76.06568,0.627,-1.531,0.00
76.07583,0.627,-1.531,0.00
76.08607,0.635,-1.559,0.00
76.09624,0.635,-1.559,0.00
76.10643,0.635,-1.568,0.00
76.11659,0.641,-1.568,0.00
76.12690,0.647,-1.571,0.00
76.13705,0.647,-1.571,0.00
76.14730,0.653,-1.564,0.00
76.15772,0.653,-1.564,0.00
76.16790,0.664,-1.548,0.00
76.17825,0.664,-1.548,0.00
76.18858,0.678,-1.526,0.00
76.19874,0.678,-1.526,0.00
76.20930,0.693,-1.511,0.00
76.21943,0.693,-1.511,0.00
76.22969,0.709,-1.511,0.00
76.23984,0.709,-1.511,0.00
76.25000,0.722,-1.511,0.00
76.26015,0.731,-1.527,0.00
76.27035,0.731,-1.556,0.00
76.28068,0.731,-1.556,0.00
76.29104,0.736,-1.591,0.00
76.30138,0.736,-1.623,0.00
76.31170,0.736,-1.623,0.00
76.32205,0.732,-1.644,0.00
76.33246,0.732,-1.644,0.00
76.34327,0.722,-1.655,0.00
76.35372,0.722,-1.655,0.00
76.36389,0.722,-1.655,0.00
76.37405,0.720,-1.660,0.00
76.38423,0.722,-1.659,0.00
76.39440,0.722,-1.659,0.00
76.40457,0.719,-1.659,0.00
76.41473,0.719,-1.657,0.00
76.42491,0.714,-1.654,0.00
76.43508,0.714,-1.654,0.00
76.44524,0.707,-1.654,0.00
76.45613,0.707,-1.652,0.00
76.46684,0.700,-1.657,0.00
76.47700,0.700,-1.657,0.00
76.48754,0.701,-1.657,0.00
76.49772,0.701,-1.657,0.00
76.50787,0.721,-1.651,0.00
76.51803,0.721,-1.651,0.00
76.52821,0.772,-1.631,0.00
76.53837,0.772,-1.631,0.00
76.54877,0.846,-1.608,0.00
76.55894,0.846,-1.608,0.00
76.56912,0.942,-1.592,0.00
76.57927,0.942,-1.576,0.00
76.58946,1.066,-1.576,0.00
76.59978,1.066,-1.567,0.00
76.60997,1.266,-1.567,0.00
76.62013,1.266,-1.567,0.00
76.63031,1.474,-1.564,0.00
76.64048,1.695,-1.564,0.00
76.65070,1.695,-1.565,0.00
76.66088,1.959,-1.565,0.00
76.67125,1.959,-1.564,0.00
76.68176,2.343,-1.564,0.00
76.69193,2.343,-1.564,0.00
76.70245,2.343,-1.564,0.00
76.71261,2.836,-1.567,0.00
76.72276,2.836,-1.567,0.00
76.73292,3.283,-1.573,0.00
76.74309,3.714,-1.575,0.00
76.75325,3.714,-1.575,0.00
76.76341,4.151,-1.567,0.00
76.77368,4.151,-1.567,0.00
76.78385,4.626,-1.553,0.00
76.79412,4.626,-1.553,0.00
76.80453,5.179,-1.538,0.00
76.81496,5.179,-1.538,0.00
76.82551,5.793,-1.538,0.00
76.83588,5.793,-1.538,0.00
76.84617,5.793,-1.543,0.00
76.85653,6.439,-1.543,0.00
76.86692,7.137,-1.556,0.00
76.87713,7.137,-1.556,0.00
76.88742,7.897,-1.561,0.00
76.89868,7.897,-1.561,0.00
76.90920,8.669,-1.552,0.00
76.91936,8.669,-1.552,0.00
76.92973,8.669,-1.552,0.00
76.93986,9.447,-1.537,0.00
76.95748,10.243,-1.513,0.00
76.96820,11.065,-1.486,0.00
76.98892,11.065,-1.459,10.00
76.99999,11.934,-1.459,10.00
77.01018,12.720,-1.435,10.00
77.02096,12.720,-1.414,10.00
77.03114,13.640,-1.414,10.00
77.04131,13.640,-1.414,10.00
77.05301,14.564,-1.398,10.00
77.06482,15.479,-1.370,10.00
77.07574,15.479,-1.370,10.00
77.08596,16.369,-1.332,10.00
77.09613,16.369,-1.332,10.00
77.10697,17.288,-1.289,10.00
77.11718,17.288,-1.289,10.00
77.12734,18.230,-1.243,10.00
77.13784,18.230,-1.243,10.00
77.16511,19.158,-1.202,10.00
77.17575,20.054,-1.162,10.00
77.19732,20.945,-1.129,10.00
77.20748,21.819,-1.065,10.00
77.22943,22.629,-0.809,10.00
77.23961,23.371,-0.547,10.00
77.26045,23.371,-0.547,10.00
77.27063,24.050,-0.409,10.00
77.28078,24.050,-0.409,10.00
77.29345,24.659,-0.163,10.00
77.30386,25.173,0.167,10.00
77.31403,25.173,0.167,10.00
77.32628,25.563,0.542,10.50
77.33649,25.563,0.542,10.50
77.34665,25.830,0.823,10.50
77.35720,25.830,0.823,10.50
77.36779,25.971,1.078,10.50
77.37800,25.971,1.078,10.50
77.39136,25.971,1.078,10.50
77.40287,25.972,1.302,10.50
77.41302,25.831,1.541,10.50
77.43662,25.831,1.541,10.50
77.44705,25.188,2.073,10.50
77.46901,25.188,2.357,10.50
77.48169,24.697,2.357,10.50
77.50052,24.112,2.734,10.50
77.51118,23.451,3.055,10.50
77.53301,23.451,3.055,11.00
77.54330,22.728,3.358,11.00
77.55346,21.946,3.646,11.00
77.56618,21.118,3.646,11.00
77.57689,21.118,3.934,11.00
77.58704,20.274,4.200,11.00
77.59734,20.274,4.200,11.00
77.60743,19.420,4.462,11.00
77.61765,18.568,4.462,11.00
77.62898,18.568,4.713,11.00
77.63923,18.568,4.713,11.00
77.64947,17.723,5.011,11.00
77.66063,17.723,5.011,11.50
77.67078,16.912,5.264,11.50
77.68094,16.912,5.509,11.50
77.70902,15.430,5.509,11.50
77.71935,14.769,5.935,11.50
77.74077,14.769,5.935,11.50
77.75094,14.178,6.125,11.50
77.77281,14.178,6.125,12.00
77.78300,13.644,6.266,12.00
77.80495,12.608,6.394,12.00
77.81509,12.608,6.530,12.00
77.82525,12.193,6.747,12.00
77.83696,12.193,6.747,12.00
77.84730,11.863,6.964,12.00
77.85838,11.863,6.964,12.00
77.86846,11.863,6.964,12.00
77.87863,11.556,7.152,12.00
77.88881,11.263,7.348,12.00
77.90163,10.960,7.507,12.50
77.91182,10.960,7.507,12.50
77.92224,10.960,7.670,12.50
77.93243,10.628,7.670,12.50
77.94258,10.266,7.820,12.50
77.95275,10.266,7.820,12.50
77.98207,9.872,7.955,12.50
77.99225,9.441,8.054,12.50
78.01371,8.992,8.180,13.00
78.02392,8.992,8.325,13.00
78.04536,8.525,8.325,13.00
78.05556,8.053,8.497,13.00
78.07733,8.053,8.497,13.00
78.08744,7.573,8.940,13.00
78.10934,7.105,8.940,13.50
78.11951,7.105,8.940,13.50
78.12996,7.105,8.940,13.50
78.14093,7.105,8.940,13.50
78.15111,7.105,8.940,13.50
78.16128,6.656,9.202,13.50
78.17338,6.245,9.488,13.50
78.18355,6.245,9.488,13.50
78.19373,6.245,9.488,13.50
78.20527,5.853,9.842,14.00
78.21560,5.419,10.184,14.00
78.22599,5.419,10.567,14.00
78.23966,4.637,10.982,14.00
78.24994,3.872,11.939,14.00
78.26020,3.872,11.939,14.00
78.28537,2.913,12.987,14.00
78.29603,2.913,12.987,14.00
78.31784,2.383,13.609,14.00
78.32819,1.918,14.162,14.00
78.34881,1.918,14.720,14.50
78.35900,1.562,14.720,14.50
78.36915,1.562,14.720,14.50
78.38072,1.242,15.251,14.50
78.39090,1.242,15.251,14.50
78.40105,0.995,15.774,14.50
78.41293,0.822,16.276,14.50
78.42325,0.822,16.276,14.50
78.43341,0.822,16.276,14.50
78.44487,0.694,16.276,14.50
78.45526,0.694,17.250,14.50
78.46554,0.748,17.906,14.50
78.47693,0.748,17.906,14.50
78.48724,0.748,17.906,14.50
78.49740,0.815,18.513,14.50
78.52569,0.886,19.184,14.50
78.53588,0.886,19.901,14.50
78.55644,0.913,19.901,15.00
78.56676,0.944,20.664,15.00
78.57786,0.944,21.430,15.00
78.59111,0.944,22.145,15.00
78.60406,0.983,22.145,15.00
78.62104,1.039,22.853,15.00
78.63153,1.121,23.590,15.00
78.64189,1.121,24.168,15.00
78.65321,1.226,24.168,15.00
78.66351,1.226,24.168,15.00
78.67411,1.226,24.168,15.00
78.70150,1.447,24.993,15.00
78.71172,1.556,25.229,15.00
78.73250,1.556,25.229,15.00
78.74281,1.654,25.403,15.00
78.76990,1.743,25.786,15.00
78.78040,1.811,25.786,15.00
78.79873,1.851,26.053,15.00
78.80890,1.837,26.313,15.00
78.82878,1.837,26.582,15.00
78.83911,1.836,26.582,15.00
78.84954,1.819,26.839,15.00
78.86143,1.819,26.839,15.00
78.87156,1.775,27.089,15.00
78.88180,1.775,27.089,15.00
78.89337,1.737,27.360,15.00
78.90351,1.702,27.661,15.00
78.91368,1.702,27.661,15.00
78.92458,1.702,27.661,15.00
78.93477,1.675,28.013,15.00
78.94622,1.646,28.391,15.00
78.97404,1.621,28.706,15.00
78.98460,1.599,28.960,15.00
79.00527,1.599,28.960,15.00
79.01556,1.572,29.146,15.00
79.03749,1.572,29.146,15.00
79.04767,1.529,29.390,15.00
79.06886,1.529,29.390,15.00
79.07903,1.517,29.439,15.00
79.08919,1.508,29.483,15.00
79.10125,1.508,29.483,15.00
79.11159,1.506,29.508,15.00
79.12194,1.513,29.531,15.00
79.13304,1.513,29.531,15.00
79.14323,1.513,29.550,15.00
79.15340,1.536,29.550,15.00
79.16472,1.572,29.550,15.00
79.17494,1.572,29.555,15.00
79.18511,1.572,29.550,15.00
79.19798,1.608,29.550,15.00
79.20832,1.641,29.521,15.00
79.21881,1.641,29.521,15.00
79.22899,1.667,29.521,15.00
79.23935,1.667,29.485,15.00
79.25054,1.683,29.438,15.00
79.26256,1.698,29.391,15.00
79.27286,1.698,29.391,15.00
79.28302,1.698,29.391,15.00
79.30851,1.704,29.359,15.00
79.31897,1.710,29.328,15.00
79.34102,1.717,29.316,15.00
79.35141,1.715,29.305,15.00
79.37515,1.715,29.301,15.00
79.38530,1.712,29.311,15.00
79.39558,1.702,29.311,0.00
79.40599,1.702,29.324,0.00
79.41636,1.689,29.324,0.00
79.42673,1.673,29.358,0.00
79.43719,1.673,29.358,0.00
79.44787,1.658,29.394,0.00
79.45898,1.658,29.394,0.00
79.46914,1.629,29.445,0.00
79.47930,1.629,29.445,0.00
79.48952,1.572,29.445,0.00
79.49968,1.572,29.511,0.00
79.50983,1.472,29.579,0.00
79.52057,1.314,29.579,0.00
79.53078,1.314,29.658,0.00
79.54104,1.314,29.658,0.00
79.55123,1.087,29.723,0.00
79.56139,1.087,29.723,0.00
79.57179,0.822,29.791,0.00
79.58194,0.822,29.791,0.00
79.59210,0.560,29.843,0.00
79.60264,0.560,29.905,0.00
79.61280,0.392,29.905,0.00
79.62295,0.392,29.905,0.00
79.63349,0.306,29.970,0.00
79.64416,0.201,30.010,0.00
79.65468,0.201,30.010,0.00
79.66496,0.201,30.010,0.00
79.67512,0.108,29.983,0.00
79.68528,0.014,29.864,0.00
79.69543,0.014,29.864,0.00
79.70581,-0.041,29.580,0.00
79.71588,-0.041,29.580,0.00
79.72605,-0.048,29.050,0.00
79.73639,-0.048,29.050,0.00
79.74686,-0.191,28.279,0.00
79.75710,-0.191,28.279,0.00
79.76725,-0.287,27.217,0.00
79.77764,-0.287,27.217,0.00
79.78863,-0.267,26.213,0.00
79.79879,-0.267,26.213,0.00
79.80905,-0.267,26.213,0.00
79.81942,-0.316,25.209,0.00
79.82967,-0.338,24.254,0.00
79.83983,-0.338,24.254,0.00
79.84999,-0.321,23.316,0.00
79.86014,-0.321,23.316,0.00
79.87041,-0.294,22.427,0.00
79.88077,-0.294,21.608,0.00
79.89093,-0.263,21.608,0.00
79.90108,-0.263,21.608,0.00
79.91125,-0.228,20.869,0.00
79.92140,-0.228,20.869,0.00
79.93157,-0.186,20.045,0.00
79.94172,-0.148,20.045,0.00
79.95187,-0.148,19.318,0.00
79.96205,-0.120,19.318,0.00
79.97236,-0.120,18.606,0.00
79.98270,-0.100,17.904,0.00
79.99300,-0.100,17.904,0.00
80.00331,-0.088,17.904,0.00
80.01393,-0.088,17.134,0.00
80.02414,-0.076,16.329,0.00
80.03462,-0.076,16.329,0.00
80.04504,-0.076,16.329,0.00
80.05542,-0.076,16.329,0.00
80.06540,-0.060,14.696,0.00
80.07557,-0.032,14.696,0.00
80.08583,-0.032,14.696,0.00
80.09635,-0.032,14.696,0.00
80.10662,-0.032,14.696,0.00
80.11678,0.001,13.730,0.00
80.12694,0.031,12.862,0.00
80.13784,0.054,11.919,0.00
80.14799,0.060,10.914,0.00
80.15818,0.060,10.914,0.00
80.16835,0.061,9.876,0.00
80.17864,0.061,9.876,0.00
80.18880,0.056,8.801,0.00
80.19897,0.056,8.801,0.00
80.20914,0.042,7.703,0.00
80.21931,0.042,7.703,0.00
80.22947,0.028,6.611,0.00
80.24077,0.028,6.611,0.00
80.25132,0.019,5.359,0.00
80.26182,0.005,5.359,0.00
80.27198,0.005,4.305,0.00
80.28213,-0.005,4.305,0.00
80.29230,-0.005,3.251,0.00
80.30245,-0.019,3.251,0.00
80.31265,-0.019,2.239,0.00
80.32296,-0.019,1.307,0.00
80.33312,-0.036,1.307,0.00
80.34343,-0.036,1.307,0.00
80.35367,-0.048,0.495,0.00
80.36383,-0.058,-0.207,0.00
80.37398,-0.058,-0.207,0.00
80.38414,-0.058,-0.207,0.00
80.39430,-0.067,-0.708,0.00
80.40446,-0.070,-1.141,0.00
80.41462,-0.070,-1.141,0.00
80.42499,-0.063,-1.343,0.00
80.43515,-0.063,-1.343,0.00
80.44553,-0.048,-1.406,0.00
80.45571,-0.048,-1.406,0.00
80.46592,-0.035,-1.376,0.00
80.47609,-0.035,-1.376,0.00
80.48680,-0.025,-1.263,0.00
80.49696,-0.025,-1.263,0.00
80.50856,-0.013,-1.134,0.00
80.51944,-0.013,-1.134,0.00
80.52969,0.004,-1.017,0.00
80.53985,0.004,-1.017,0.00
80.55019,0.021,-0.965,0.00
80.56051,0.021,-0.958,0.00
80.57078,0.038,-0.958,0.00
80.58093,0.038,-0.958,0.00
80.59108,0.056,-0.961,0.00
80.60125,0.056,-0.961,0.00
80.61141,0.072,-0.981,0.00
80.62177,0.072,-0.981,0.00
80.63172,0.072,-0.981,0.00
80.64188,0.072,-0.981,0.00
80.65204,0.072,-0.981,0.00
80.66221,0.072,-0.981,0.00
80.67243,0.072,-0.981,0.00
80.68258,0.072,-0.981,0.00
80.69331,0.090,-0.973,0.00
80.70347,0.104,-0.963,0.00
80.71443,0.123,-0.929,0.00
80.72477,0.128,-0.886,0.00
80.73490,0.120,-0.864,0.00
80.74504,0.120,-0.848,0.00
80.75528,0.110,-0.848,0.00
80.76615,0.110,-0.848,0.00
80.77630,0.099,-0.816,0.00
80.78676,0.099,-0.767,0.00
80.79691,0.087,-0.767,0.00
80.80776,0.073,-0.713,0.00
80.81791,0.073,-0.713,0.00
80.82840,0.058,-0.655,0.00
80.83855,0.058,-0.655,0.00
80.84933,0.042,-0.601,0.00
80.85994,0.042,-0.601,0.00
80.87010,0.026,-0.538,0.00
80.88026,0.026,-0.538,0.00
80.89057,0.026,-0.538,0.00
80.90839,0.009,-0.465,0.00
80.92427,-0.018,-0.403,0.00
80.93475,-0.018,-0.343,0.00
80.94645,-0.023,-0.288,0.00
80.96225,-0.025,-0.288,0.00
80.97272,-0.025,-0.235,0.00
80.98299,-0.025,-0.235,0.00
81.00915,-0.024,-0.235,0.00
81.01936,-0.024,-0.235,0.00
81.03093,-0.020,-0.153,0.00
81.04790,-0.012,-0.124,0.00
81.05815,-0.012,-0.102,0.00
81.06928,0.000,-0.102,0.00
81.08610,0.000,-0.085,0.00
81.09679,0.016,-0.085,0.00
81.11354,0.031,-0.065,0.00
81.13163,0.043,-0.061,0.00
81.14819,0.043,-0.061,0.00
81.15897,0.043,-0.061,0.00
81.16997,0.043,-0.058,0.00
81.18107,0.050,-0.058,0.00
81.19129,0.050,-0.058,0.00
81.20460,0.049,-0.058,0.00
81.22014,0.049,-0.052,0.00
81.23079,0.055,-0.052,0.00
81.24260,0.055,-0.051,0.00
81.26094,0.060,-0.055,0.00
81.27234,0.062,-0.064,0.00
81.29218,0.060,-0.077,0.00
81.30318,0.060,-0.077,0.00
81.32077,0.052,-0.104,0.00
81.33142,0.044,-0.104,0.00
81.34240,0.036,-0.117,0.00
81.35284,0.036,-0.117,0.00
81.37041,0.041,-0.126,0.00
81.38179,0.041,-0.126,0.00
81.39234,0.047,-0.130,0.00
81.40763,0.047,-0.130,0.00
81.41967,0.053,-0.132,0.00
81.43278,0.053,-0.132,0.00
81.45001,0.055,-0.129,0.00
81.46600,0.055,-0.129,0.00
81.47776,0.056,-0.129,0.00
81.48948,0.058,-0.134,0.00
81.49971,0.058,-0.134,0.00
81.51048,0.062,-0.150,0.00
81.52120,0.062,-0.150,0.00
81.53691,0.062,-0.170,0.00
81.55936,0.071,-0.191,0.00
81.56991,0.072,-0.207,0.00
81.59171,0.075,-0.226,0.00
81.60349,0.075,-0.226,0.00
81.61998,0.081,-0.242,0.00
81.63413,0.087,-0.257,0.00
81.65017,0.087,-0.272,0.00
81.66172,0.090,-0.284,0.00
81.67236,0.090,-0.284,0.00
81.68809,0.090,-0.302,0.00
81.69854,0.087,-0.302,0.00
81.70915,0.087,-0.324,0.00
81.72535,0.082,-0.341,0.00
81.73583,0.082,-0.341,0.00
81.75235,0.070,-0.353,0.00
81.77419,0.065,-0.357,0.00
81.78458,0.061,-0.361,0.00
81.80348,0.055,-0.361,0.00
81.82027,0.055,-0.366,0.00
81.83572,0.052,-0.372,0.00
81.84658,0.052,-0.372,0.00
81.85767,0.045,-0.372,0.00
81.87342,0.038,-0.379,0.00
81.88364,0.038,-0.379,0.00
81.90048,0.030,-0.380,0.00
81.95539,0.030,-0.380,0.00
81.96578,0.030,-0.380,0.00
82.04507,0.030,-0.380,0.00
82.05795,0.126,-0.417,0.00
82.06811,0.088,-0.271,0.00
82.07828,0.088,-0.271,0.00
82.08949,0.106,-0.270,0.00
82.09967,0.106,-0.270,0.00
82.10983,0.119,-0.264,0.00
82.12000,0.119,-0.264,0.00
82.13016,0.129,-0.257,0.00
82.14030,0.129,-0.257,0.00
82.15046,0.129,-0.257,0.00
82.16143,0.143,-0.242,0.00
82.17194,0.159,-0.226,0.00
82.18242,0.175,-0.206,0.00
82.19275,0.175,-0.206,0.00
82.20291,0.190,-0.206,0.00
82.21306,0.190,-0.188,0.00
82.22322,0.202,-0.174,0.00
82.23337,0.202,-0.174,0.00
82.24352,0.202,-0.174,0.00
82.25442,0.212,-0.163,0.00
82.26458,0.223,-0.154,0.00
82.27473,0.223,-0.154,0.00
82.28490,0.230,-0.144,0.00
82.29506,0.230,-0.144,0.00
82.30760,0.238,-0.135,0.00
82.31797,0.238,-0.135,0.00
82.32816,0.238,-0.135,0.00
82.33832,0.250,-0.125,0.00
82.34852,0.263,-0.117,0.00
82.35883,0.263,-0.117,0.00
82.36902,0.275,-0.098,0.00
82.37922,0.275,-0.098,0.00
82.38938,0.289,-0.079,0.00
82.40051,0.289,-0.079,0.00
82.41067,0.303,-0.054,0.00
82.42109,0.303,-0.054,0.00
82.43125,0.314,-0.025,0.00
82.44199,0.314,-0.025,0.00
82.45215,0.322,0.011,0.00
82.46231,0.330,0.011,0.00
82.47249,0.330,0.050,0.00
82.48265,0.338,0.050,0.00
82.49281,0.338,0.087,0.00
82.50297,0.348,0.127,0.00
82.51334,0.348,0.127,0.00
82.52349,0.348,0.127,0.00
82.53367,0.350,0.162,0.00
82.54381,0.346,0.199,0.00
82.55398,0.346,0.199,0.00
82.56413,0.337,0.239,0.00
82.57428,0.337,0.239,0.00
82.58447,0.337,0.239,0.00
82.59478,0.333,0.283,0.00
82.60508,0.334,0.331,0.00
82.61621,0.334,0.331,0.00
82.62638,0.338,0.331,0.00
82.63671,0.338,0.382,0.00
82.64701,0.345,0.434,0.00
82.65730,0.345,0.434,0.00
82.66768,0.347,0.488,0.00
82.67797,0.347,0.488,0.00
82.68827,0.348,0.531,0.00
82.69858,0.348,0.531,0.00
82.70905,0.347,0.570,0.00
82.71944,0.347,0.570,0.00
82.72973,0.352,0.606,0.00
82.73991,0.352,0.606,0.00
82.75007,0.364,0.606,0.00
82.76039,0.364,0.642,0.00
82.77069,0.382,0.684,0.00
82.78084,0.382,0.684,0.00
82.79100,0.394,0.732,0.00
82.80115,0.394,0.732,0.00
82.81131,0.394,0.770,0.00
82.82147,0.392,0.770,0.00
82.83173,0.392,0.802,0.00
82.84188,0.389,0.836,0.00
82.85222,0.389,0.836,0.00
82.86276,0.389,0.836,0.00
82.87342,0.384,0.867,0.00
82.88402,0.382,0.867,0.00
82.89430,0.382,0.899,0.00
82.90474,0.382,0.899,0.00
82.91486,0.382,0.932,0.00
82.92502,0.378,0.960,0.00
82.93519,0.378,0.960,0.00
82.94535,0.378,0.960,0.00
82.95551,0.374,0.989,0.00
82.96573,0.368,1.014,0.00
82.97590,0.368,1.014,0.00
82.98605,0.361,1.038,0.00
82.99639,0.361,1.038,0.00
83.00659,0.357,1.065,0.00
83.01676,0.357,1.065,0.00
83.02701,0.353,1.088,0.00
83.03838,0.353,1.088,0.00
83.04854,0.345,1.113,0.00
83.05868,0.345,1.113,0.00
83.06883,0.332,1.137,0.00
83.07994,0.332,1.137,0.00
83.09009,0.313,1.155,0.00
83.10036,0.313,1.169,0.00
83.11071,0.292,1.169,0.00
83.12086,0.292,1.169,0.00
83.13102,0.273,1.178,0.00
83.14119,0.273,1.178,0.00
83.15134,0.257,1.181,0.00
83.16149,0.242,1.181,0.00
83.17165,0.242,1.176,0.00
83.18198,0.242,1.176,0.00
83.19205,0.225,1.167,0.00
83.20222,0.208,1.152,0.00
83.21238,0.208,1.152,0.00
83.22254,0.187,1.135,0.00
83.23269,0.187,1.135,0.00
83.24285,0.167,1.119,0.00
83.25311,0.167,1.119,0.00
83.26329,0.167,1.100,0.00
83.27345,0.149,1.100,0.00
83.28396,0.149,1.100,0.00
83.29395,0.144,1.079,0.00
83.30419,0.149,1.061,0.00
83.31435,0.149,1.061,0.00
83.32453,0.156,1.038,0.00
83.33498,0.156,1.038,0.00
83.34576,0.167,1.013,0.00
83.35604,0.167,1.013,0.00
83.36669,0.175,0.990,0.00
83.37687,0.175,0.990,0.00
83.38718,0.178,0.969,0.00
83.39775,0.178,0.969,0.00
83.40812,0.179,0.949,0.00
83.41828,0.179,0.924,0.00
83.42859,0.181,0.924,0.00
83.43891,0.181,0.907,0.00
83.44932,0.184,0.907,0.00
83.46003,0.184,0.907,0.00
83.47019,0.193,0.891,0.00
83.48036,0.193,0.891,0.00
83.49055,0.193,0.891,0.00
83.50138,0.193,0.891,0.00
83.51171,0.202,0.875,0.00
83.52198,0.208,0.861,0.00
83.53213,0.208,0.861,0.00
83.54237,0.208,0.861,0.00
83.55253,0.208,0.861,0.00
83.56284,0.218,0.861,0.00
83.57305,0.226,0.846,0.00
83.58325,0.232,0.843,0.00
83.59368,0.232,0.846,0.00
83.60403,0.229,0.857,0.00
83.61436,0.229,0.857,0.00
83.62452,0.229,0.857,0.00
83.63468,0.229,0.857,0.00
83.64483,0.229,0.857,0.00
83.65498,0.229,0.857,0.00
83.66719,0.223,0.871,0.00
83.67737,0.210,0.900,0.00
83.68752,0.206,0.918,0.00
83.69799,0.206,0.918,0.00
83.70830,0.202,0.936,0.00
83.71850,0.198,0.949,0.00
83.72907,0.198,0.949,0.00
83.73927,0.198,0.949,0.00
83.74944,0.194,0.967,0.00
83.75960,0.194,0.967,0.00
83.76977,0.191,0.980,0.00
83.77994,0.191,0.995,0.00
83.79009,0.191,0.995,0.00
83.80028,0.191,0.995,0.00
83.81064,0.194,1.009,0.00
83.82104,0.207,1.023,0.00
83.83128,0.207,1.023,0.00
83.84172,0.240,1.036,0.00
83.85217,0.240,1.036,0.00
83.86404,0.240,1.036,0.00
83.87422,0.283,1.046,0.00
83.88438,0.283,1.046,0.00
83.89492,0.336,1.051,0.00
83.90513,0.413,1.056,0.00
83.91532,0.413,1.056,0.00
83.92548,0.504,1.060,0.00
83.93574,0.504,1.060,0.00
83.94642,0.651,1.060,0.00
83.95658,0.651,1.060,0.00
83.96680,0.807,1.060,0.00
83.97696,0.807,1.060,0.00
83.98792,0.807,1.060,0.00
83.99868,1.037,1.058,0.00
84.00884,1.458,1.059,0.00
84.01900,1.458,1.059,0.00
84.02916,1.974,1.058,0.00
84.03982,1.974,1.058,0.00
84.04998,2.477,1.054,0.00
84.06037,2.947,1.050,0.00
84.07053,2.947,1.050,0.00
84.08068,3.415,1.050,0.00
84.09286,3.415,1.050,0.00
84.10311,3.415,1.050,0.00
84.11352,3.899,1.049,0.00
84.12368,4.385,1.048,0.00
84.13383,4.385,1.048,0.00
84.14472,4.945,1.050,0.00
84.15513,4.945,1.050,0.00
84.16665,5.584,1.046,0.00
84.17693,5.584,1.046,0.00
84.18705,6.290,1.060,0.00
84.19723,6.290,1.060,0.00
84.20740,7.043,1.067,0.00
84.21778,7.043,1.067,0.00
84.22794,7.857,1.067,0.00
84.23837,7.857,1.067,0.00
84.24853,8.695,1.054,0.00
84.25868,8.695,1.054,0.00
84.26882,9.559,1.042,0.00
84.27898,9.559,1.042,0.00
84.28916,10.459,1.034,0.00
84.29932,10.459,1.034,0.00
84.30984,11.378,1.030,0.00
84.33323,12.296,1.030,10.00
84.34359,13.254,1.025,10.00
84.36735,14.203,1.016,10.00
84.37783,14.203,1.016,10.00
84.39749,14.203,1.016,10.00
84.40790,16.035,0.987,10.00
84.42894,16.922,0.987,10.00
84.43975,16.922,0.971,10.00
84.44995,17.771,0.963,10.00
84.46245,18.569,0.963,10.00
84.47265,18.569,0.960,10.00
84.48305,19.323,0.960,10.00
84.49331,19.323,0.962,10.00
84.50350,20.021,0.977,10.00
84.51397,20.021,0.977,10.00
84.52610,20.652,1.000,10.00
84.53625,20.652,1.000,10.00
84.54649,21.205,1.071,10.00
84.57422,21.611,1.258,10.00
84.58438,21.979,1.463,10.00
84.60572,21.979,1.463,10.00
84.61588,22.258,1.618,10.00
84.63629,22.449,1.887,10.00
84.64648,22.531,2.167,10.00
84.65664,22.531,2.167,10.00
84.66892,22.531,2.437,10.50
84.67924,22.487,2.437,10.50
84.68963,22.325,2.666,10.50
84.70171,22.059,2.666,10.50
84.71189,22.059,2.890,10.50
84.72206,22.059,2.890,10.50
84.73337,21.695,3.131,10.50
84.74353,21.241,3.375,10.50
84.75368,21.241,3.375,10.50
84.76505,20.709,3.611,10.50
84.77541,20.709,3.611,10.50
84.78777,20.114,3.875,10.50
84.81256,20.114,3.875,10.50
84.82256,19.465,4.096,10.50
84.84518,18.018,4.558,10.50
84.85546,18.018,4.558,10.50
84.87733,17.251,4.787,11.00
84.88748,16.471,5.025,11.00
84.90893,16.471,5.256,11.00
84.91945,15.680,5.256,11.00
84.92982,14.889,5.488,11.00
84.94072,14.889,5.488,11.00
84.95090,14.102,5.743,11.00
84.96110,14.102,5.970,11.00
84.97309,13.334,5.970,11.00
84.98338,13.334,6.185,11.00
84.99374,12.586,6.185,11.00
85.00532,11.861,6.185,11.50
85.01566,11.861,6.397,11.50
85.02614,11.160,6.586,11.50
85.03630,11.160,6.586,11.50
85.04653,11.160,6.586,11.50
85.05674,10.484,6.760,11.50
85.08549,9.869,7.028,11.50
85.09574,9.320,7.028,11.50
85.11837,8.832,7.143,12.00
85.12869,8.422,7.231,12.00
85.14935,8.422,7.231,12.00
85.15955,8.078,7.268,12.00
85.19102,7.519,7.316,12.00
85.20135,7.315,7.320,12.00
85.21345,7.315,7.320,12.50
85.22378,7.116,7.330,12.50
85.23407,7.116,7.330,12.50
85.24441,7.116,7.330,12.50
85.25460,6.902,7.356,12.50
85.26487,6.666,7.439,12.50
85.27665,6.666,7.439,12.50
85.28699,6.425,7.544,12.50
85.29807,6.425,7.544,12.50
85.30903,6.184,7.669,13.00
85.31920,6.184,7.669,13.00
85.32940,5.977,7.823,13.00
85.33959,5.977,7.823,13.00
85.35832,5.688,7.996,13.00
85.36863,5.344,8.194,13.00
85.38830,5.344,8.194,13.00
85.39888,5.034,8.405,13.00
85.42061,4.738,8.922,13.00
85.43080,4.516,8.922,13.00
85.44096,4.516,8.922,13.00
85.45270,4.301,8.922,13.50
85.46437,4.038,9.513,13.50
85.47464,4.038,9.513,13.50
85.48523,3.772,9.825,13.50
85.49547,3.772,9.825,13.50
85.50589,3.499,10.153,13.50
85.51938,3.241,10.153,13.50
85.52954,3.241,10.495,13.50
85.53971,3.241,10.495,13.50
85.55004,2.978,10.857,14.00
85.56020,2.715,10.857,14.00
85.57044,2.715,11.218,14.00
85.58243,2.455,11.604,14.00
85.59280,2.455,11.604,14.00
85.60295,2.216,11.604,14.00
85.62842,2.216,11.964,14.00
85.63861,2.009,12.342,14.00
85.66197,1.845,12.741,14.00
85.67223,1.723,13.249,14.00
85.69248,1.633,13.249,14.50
85.70295,1.633,13.812,14.50
85.71313,1.578,14.473,14.50
85.72472,1.578,14.473,14.50
85.73493,1.557,15.159,14.50
85.74606,1.557,15.976,14.50
85.75952,1.557,15.976,14.50
85.76970,1.559,16.665,14.50
85.77986,1.604,16.665,14.50
85.79002,1.604,17.373,14.50
85.80034,1.604,17.373,14.50
85.81052,1.658,18.047,14.50
85.82068,1.713,18.047,14.50
85.83088,1.713,18.643,14.50
85.84124,1.713,18.643,14.50
85.85274,1.778,19.207,14.50
85.86290,1.778,19.207,14.50
85.87308,1.838,19.667,14.50
85.90184,1.904,19.667,15.00
85.91201,1.961,20.439,15.00
85.93388,2.015,20.762,15.00
85.94427,2.015,21.080,15.00
85.96609,2.099,21.354,15.00
85.97646,2.099,21.354,15.00
85.99634,2.137,21.674,15.00
86.00674,2.137,22.018,15.00
86.01687,2.164,22.018,15.00
86.02902,2.180,22.018,15.00
86.03946,2.180,22.366,15.00
86.05002,2.186,22.736,15.00
86.06094,2.186,22.736,15.00
86.07147,2.186,23.112,15.00
86.08211,2.185,23.523,15.00
86.09311,2.173,23.523,15.00
86.10359,2.173,23.860,15.00
86.11394,2.134,23.860,15.00
86.12498,2.134,24.205,15.00
86.13528,2.091,24.205,15.00
86.14546,2.091,24.205,15.00
86.15630,2.060,24.541,15.00
86.16647,2.043,24.912,15.00
86.17663,2.043,24.912,15.00
86.18685,2.043,24.912,15.00
86.20484,2.043,25.863,15.00
86.21502,2.048,25.863,15.00
86.23665,2.064,26.348,15.00
86.24832,2.071,26.828,15.00
86.26851,2.071,26.828,15.00
86.27902,2.076,27.133,15.00
86.30097,2.088,27.381,15.00
86.31114,2.088,27.381,15.00
86.32130,2.088,27.381,15.00
86.33285,2.113,27.409,15.00
86.34318,2.113,27.409,15.00
86.35345,2.129,27.408,15.00
86.36466,2.129,27.421,15.00
86.37501,2.156,27.421,15.00
86.38577,2.191,27.421,15.00
86.39742,2.191,27.466,15.00
86.40787,2.223,27.514,15.00
86.41824,2.223,27.514,15.00
86.42998,2.261,27.548,15.00
86.44046,2.282,27.561,15.00
86.45061,2.282,27.561,15.00
86.46100,2.308,27.550,15.00
86.47117,2.308,27.550,15.00
86.48132,2.308,27.523,15.00
86.50862,2.313,27.523,15.00
86.51880,2.316,27.482,15.00
86.54136,2.313,27.482,15.00
86.55175,2.311,27.406,15.00
86.57281,2.311,27.368,15.00
86.58601,2.329,27.347,15.00
86.60461,2.340,27.347,15.00
86.61493,2.340,27.333,15.00
86.63972,2.348,27.325,15.00
86.64988,2.348,27.312,15.00
86.66004,2.348,27.312,15.00
86.67020,2.348,27.312,15.00
86.68167,2.347,27.308,15.00
86.69181,2.340,27.310,15.00
86.70197,2.340,27.310,15.00
86.71213,2.338,27.317,15.00
86.72234,2.334,27.337,15.00
86.73253,2.334,27.337,0.00
86.74341,2.337,27.361,0.00
86.75367,2.337,27.361,0.00
86.76383,2.342,27.393,0.00
86.77479,2.342,27.393,0.00
86.78506,2.341,27.429,0.00
86.79517,2.341,27.429,0.00
86.80544,2.317,27.463,0.00
86.81570,2.317,27.463,0.00
86.82585,2.252,27.500,0.00
86.83606,2.252,27.500,0.00
86.84712,2.136,27.531,0.00
86.85735,2.136,27.531,0.00
86.86752,1.958,27.566,0.00
86.87805,1.958,27.566,0.00
86.88821,1.734,27.587,0.00
86.89845,1.734,27.587,0.00
86.90853,1.485,27.604,0.00
86.91885,1.485,27.604,0.00
86.92901,1.267,27.624,0.00
86.93920,1.267,27.624,0.00
86.94935,1.136,27.631,0.00
86.95949,1.136,27.631,0.00
86.96988,1.024,27.640,0.00
86.98003,0.910,27.614,0.00
86.99018,0.910,27.614,0.00
87.00033,0.910,27.614,0.00
87.01049,0.810,27.520,0.00
87.02065,0.810,27.520,0.00
87.03092,0.701,27.341,0.00
87.04110,0.701,27.341,0.00
87.05125,0.603,26.935,0.00
87.06141,0.603,26.935,0.00
87.07183,0.511,26.331,0.00
87.08212,0.511,26.331,0.00
87.09220,0.429,25.549,0.00
87.10236,0.364,25.549,0.00
87.11252,0.364,24.686,0.00
87.12268,0.328,23.839,0.00
87.13285,0.328,23.839,0.00
87.14304,0.328,23.034,0.00
87.15322,0.293,23.034,0.00
87.16350,0.293,23.034,0.00
87.17396,0.264,22.222,0.00
87.18417,0.251,21.457,0.00
87.19433,0.251,21.457,0.00
87.20455,0.251,21.457,0.00
87.21471,0.244,20.662,0.00
87.22488,0.240,20.017,0.00
87.23503,0.240,20.017,0.00
87.24519,0.231,19.419,0.00
87.25545,0.231,19.419,0.00
87.26569,0.217,18.812,0.00
87.27597,0.217,18.812,0.00
87.28623,0.190,18.169,0.00
87.29654,0.190,18.169,0.00
87.30714,0.159,17.507,0.00
87.31755,0.159,17.507,0.00
87.32771,0.159,17.507,0.00
87.33794,0.159,16.785,0.00
87.34810,0.111,15.991,0.00
87.35829,0.111,15.991,0.00
87.36845,0.102,15.051,0.00
87.37861,0.102,15.051,0.00
87.38927,0.104,14.153,0.00
87.39942,0.104,14.153,0.00
87.40969,0.110,13.204,0.00
87.41985,0.110,13.204,0.00
87.43006,0.118,12.182,0.00
87.44023,0.118,12.182,0.00
87.45039,0.129,11.185,0.00
87.46054,0.129,11.185,0.00
87.47069,0.144,10.099,0.00
87.48083,0.160,9.040,0.00
87.49097,0.160,9.040,0.00
87.50111,0.160,9.040,0.00
87.51127,0.160,9.040,0.00
87.52179,0.181,8.000,0.00
87.53260,0.203,6.890,0.00
87.54284,0.203,6.890,0.00
87.55300,0.228,5.981,0.00
87.56318,0.228,5.981,0.00
87.57334,0.255,5.152,0.00
87.58349,0.255,5.152,0.00
87.59374,0.274,4.406,0.00
87.60401,0.291,3.713,0.00
87.61441,0.291,3.713,0.00
87.62489,0.322,3.110,0.00
87.63580,0.322,3.110,0.00
87.64591,0.354,2.593,0.00
87.65613,0.354,2.593,0.00
87.66629,0.376,2.134,0.00
87.67645,0.376,2.134,0.00
87.68681,0.392,1.736,0.00
87.69726,0.392,1.736,0.00
87.70742,0.395,1.420,0.00
87.71866,0.395,1.420,0.00
87.72892,0.388,1.208,0.00
87.74092,0.388,1.208,0.00
87.75120,0.372,1.089,0.00
87.76137,0.351,1.089,0.00
87.77153,0.351,0.981,0.00
87.78173,0.328,0.981,0.00
87.79189,0.328,0.943,0.00
87.80346,0.328,0.943,0.00
87.81364,0.305,0.954,0.00
87.82390,0.281,1.019,0.00
87.83413,0.281,1.019,0.00
87.84428,0.250,1.079,0.00
87.85465,0.250,1.079,0.00
87.86497,0.250,1.079,0.00
87.87511,0.219,1.153,0.00
87.88535,0.188,1.202,0.00
87.89549,0.188,1.202,0.00
87.90576,0.188,1.244,0.00
87.91618,0.159,1.244,0.00
87.92650,0.159,1.280,0.00
87.93681,0.134,1.280,0.00
87.94717,0.112,1.319,0.00
87.95732,0.112,1.319,0.00
87.96752,0.093,1.372,0.00
87.97773,0.093,1.372,0.00
87.98797,0.079,1.443,0.00
87.99832,0.079,1.443,0.00
88.00846,0.071,1.534,0.00
88.01871,0.071,1.534,0.00
88.02894,0.071,1.643,0.00
88.03919,0.071,1.643,0.00
88.04946,0.077,1.728,0.00
88.05974,0.077,1.728,0.00
88.06989,0.088,1.803,0.00
88.08005,0.088,1.803,0.00
88.09021,0.105,1.874,0.00
88.10037,0.105,1.874,0.00
88.11053,0.124,1.924,0.00
88.12067,0.144,1.924,0.00
88.13081,0.144,1.959,0.00
88.14097,0.144,1.959,0.00
88.15112,0.166,1.982,0.00
88.16166,0.166,1.982,0.00
88.17182,0.192,2.000,0.00
88.18197,0.219,2.011,0.00
88.19219,0.219,2.011,0.00
88.20239,0.245,2.011,0.00
88.21256,0.245,2.017,0.00
88.22272,0.272,2.019,0.00
88.24180,0.295,2.020,0.00
88.26668,0.316,2.023,0.00
88.28699,0.316,2.023,0.00
88.30267,0.328,2.026,0.00
88.32026,0.327,2.028,0.00
88.33459,0.327,2.029,0.00
88.34759,0.327,2.029,0.00
88.35847,0.323,2.029,0.00
88.37028,0.323,2.029,0.00
88.38398,0.322,2.029,0.00
88.40735,0.316,2.028,0.00
88.41774,0.310,2.028,0.00
88.43422,0.299,2.026,0.00
88.47276,0.283,2.023,0.00
88.49174,0.244,2.018,0.00
88.50240,0.244,2.018,0.00
88.51276,0.223,2.018,0.00
88.52509,0.223,2.013,0.00
88.54041,0.223,2.013,0.00
88.56200,0.185,2.018,0.00
88.57220,0.185,2.018,0.00
88.58341,0.185,2.018,0.00
88.59386,0.185,2.018,0.00
88.60414,0.185,2.018,0.00
88.61923,0.185,2.018,0.00
88.63500,0.133,2.004,0.00
88.64760,0.123,1.981,0.00
88.66041,0.112,1.971,0.00
88.67610,0.100,1.971,0.00
88.69180,0.089,1.963,0.00
88.70834,0.089,1.955,0.00
88.72550,0.082,1.938,0.00
88.74185,0.078,1.925,0.00
88.75230,0.076,1.925,0.00
88.77784,0.078,1.916,0.00
88.79070,0.082,1.899,0.00
88.80090,0.082,1.899,0.00
88.81697,0.087,1.885,0.00
88.83271,0.087,1.866,0.00
88.84392,0.105,1.849,0.00
88.85439,0.105,1.849,0.00
88.86456,0.105,1.849,0.00
88.87898,0.119,1.842,0.00
88.89488,0.119,1.833,0.00
88.90548,0.119,1.828,0.00
88.91579,0.124,1.828,0.00
88.93150,0.127,1.829,0.00
88.94224,0.127,1.829,0.00
88.96015,0.130,1.833,0.00
88.97596,0.131,1.840,0.00
88.99225,0.133,1.852,0.00
89.00819,0.127,1.864,0.00
89.01839,0.127,1.879,0.00
89.02875,0.118,1.879,0.00
89.03949,0.105,1.896,0.00
89.04992,0.105,1.896,0.00
89.06010,0.105,1.914,0.00
89.07047,0.099,1.914,0.00
89.08088,0.099,1.914,0.00
89.09133,0.096,1.914,0.00
89.10179,0.096,1.949,0.00
89.11788,0.094,1.949,0.00
89.12824,0.093,1.964,0.00
89.13873,0.093,1.964,0.00
89.14910,0.090,1.980,0.00
89.15926,0.085,1.980,0.00
89.17026,0.085,1.993,0.00
89.18045,0.079,1.993,0.00
89.19639,0.079,2.009,0.00
89.20657,0.073,2.009,0.00
89.22250,0.073,2.017,0.00
89.23334,0.068,2.028,0.00
89.28776,0.072,2.048,0.00
89.29809,0.072,2.048,0.00
89.35452,0.086,2.078,0.00
89.36486,0.086,2.078,0.00
89.37502,-0.031,0.128,0.00
89.38515,-0.028,0.143,0.00
89.39531,-0.028,0.143,0.00
89.40546,-0.027,0.156,0.00
89.41577,-0.027,0.156,0.00
89.42593,-0.027,0.169,0.00
89.43611,-0.027,0.169,0.00
89.44627,-0.025,0.180,0.00
89.45643,-0.025,0.180,0.00
89.46660,-0.023,0.193,0.00
89.47676,-0.023,0.193,0.00
89.48692,-0.018,0.201,0.00
89.49709,-0.018,0.201,0.00
89.50725,-0.011,0.205,0.00
89.51835,-0.011,0.205,0.00
89.52852,-0.003,0.214,0.00
89.53868,-0.003,0.214,0.00
89.54885,0.016,0.221,0.00
89.55909,0.024,0.221,0.00
89.56931,0.024,0.229,0.00
89.57967,0.036,0.229,0.00
89.59001,0.036,0.236,0.00
89.60035,0.041,0.245,0.00
89.61051,0.041,0.245,0.00
89.62079,0.041,0.245,0.00
89.63111,0.053,0.255,0.00
89.64131,0.053,0.255,0.00
89.65148,0.065,0.265,0.00
89.66273,0.065,0.265,0.00
89.67289,0.079,0.274,0.00
89.68305,0.079,0.274,0.00
89.69322,0.090,0.282,0.00
89.70346,0.101,0.289,0.00
89.71364,0.101,0.289,0.00
89.72381,0.110,0.292,0.00
89.73397,0.110,0.292,0.00
89.74457,0.116,0.297,0.00
89.75474,0.116,0.297,0.00
89.76616,0.129,0.304,0.00
89.77632,0.129,0.304,0.00
89.78726,0.140,0.310,0.00
89.79778,0.140,0.310,0.00
89.80795,0.147,0.322,0.00
89.81811,0.147,0.322,0.00
89.82827,0.154,0.333,0.00
89.83926,0.154,0.346,0.00
89.84941,0.157,0.346,0.00
89.85991,0.157,0.346,0.00
89.87010,0.156,0.355,0.00
89.88037,0.156,0.362,0.00
89.89080,0.153,0.362,0.00
89.90120,0.153,0.366,0.00
89.91163,0.152,0.366,0.00
89.92209,0.149,0.372,0.00
89.93239,0.149,0.372,0.00
89.94255,0.151,0.378,0.00
89.95271,0.151,0.378,0.00
89.96286,0.150,0.380,0.00
89.97300,0.150,0.380,0.00
89.98315,0.148,0.381,0.00
89.99340,0.148,0.381,0.00
90.00372,0.148,0.384,0.00
90.01385,0.151,0.384,0.00
90.02401,0.156,0.389,0.00
90.03418,0.156,0.389,0.00
90.04434,0.161,0.396,0.00
90.05450,0.161,0.396,0.00
90.06468,0.161,0.396,0.00
90.07494,0.164,0.401,0.00
90.08525,0.167,0.403,0.00
90.09538,0.167,0.403,0.00
90.10571,0.172,0.401,0.00
90.11616,0.172,0.401,0.00
90.12631,0.178,0.400,0.00
90.13647,0.178,0.400,0.00
90.14664,0.187,0.400,0.00
90.15689,0.187,0.400,0.00
90.16719,0.201,0.403,0.00
90.17725,0.201,0.403,0.00
90.18739,0.216,0.403,0.00
90.19775,0.216,0.403,0.00
90.20859,0.232,0.402,0.00
90.21882,0.232,0.402,0.00
90.22897,0.232,0.402,0.00
90.23914,0.248,0.412,0.00
90.24955,0.248,0.419,0.00
90.25985,0.269,0.426,0.00
90.27002,0.294,0.426,0.00
90.28019,0.294,0.426,0.00
90.29033,0.317,0.436,0.00
90.30050,0.317,0.436,0.00
90.31066,0.342,0.446,0.00
90.32087,0.342,0.446,0.00
90.33104,0.366,0.458,0.00
90.34118,0.366,0.458,0.00
90.35157,0.366,0.458,0.00
90.36178,0.366,0.458,0.00
90.37208,0.366,0.458,0.00
90.38222,0.366,0.458,0.00
90.39272,0.390,0.472,0.00
90.40306,0.435,0.502,0.00
90.41321,0.451,0.520,0.00
90.42346,0.463,0.520,0.00
90.43384,0.463,0.540,0.00
90.44441,0.479,0.565,0.00
90.45448,0.479,0.565,0.00
90.46466,0.495,0.590,0.00
90.47481,0.495,0.590,0.00
90.48510,0.507,0.615,0.00
90.49539,0.507,0.615,0.00
90.50571,0.517,0.640,0.00
90.51587,0.517,0.640,0.00
90.52619,0.524,0.664,0.00
90.53667,0.524,0.664,0.00
90.54683,0.524,0.690,0.00
90.55698,0.523,0.690,0.00
90.56713,0.519,0.717,0.00
90.57738,0.519,0.717,0.00
90.58753,0.512,0.740,0.00
90.59777,0.512,0.740,0.00
90.60792,0.503,0.768,0.00
90.61808,0.503,0.768,0.00
90.62823,0.496,0.792,0.00
90.63839,0.496,0.792,0.00
90.64855,0.499,0.816,0.00
90.65871,0.499,0.816,0.00
90.66886,0.534,0.835,0.00
90.67911,0.534,0.835,0.00
90.68917,0.594,0.852,0.00
90.69952,0.673,0.852,0.00
90.70982,0.673,0.867,0.00
90.71997,0.673,0.867,0.00
90.73013,0.783,0.881,0.00
90.74029,0.936,0.894,0.00
90.75051,0.936,0.894,0.00
90.76099,1.082,0.907,0.00
90.77161,1.082,0.907,0.00
90.78180,1.279,0.907,0.00
90.79196,1.279,0.916,0.00
90.80213,1.734,0.922,0.00
90.81229,1.734,0.922,0.00
90.82245,2.234,0.927,0.00
90.83261,2.234,0.927,0.00
90.84281,2.660,0.927,0.00
90.85296,2.660,0.934,0.00
90.86312,2.660,0.940,0.00
90.87331,3.091,0.940,0.00
90.88422,3.520,0.943,0.00
90.89437,3.520,0.943,0.00
90.90521,3.971,0.947,0.00
90.91538,3.971,0.947,0.00
90.92694,4.485,0.946,0.00
90.93744,4.485,0.946,0.00
90.94761,5.050,0.936,0.00
90.95779,5.050,0.936,0.00
90.96795,5.686,0.924,0.00
90.97810,5.686,0.924,0.00
90.98825,6.341,0.924,0.00
90.99840,6.987,0.924,0.00
91.00855,6.987,0.919,0.00
91.01870,6.987,0.919,0.00
91.02887,7.677,0.911,0.00
91.03943,7.677,0.911,0.00
91.04966,8.402,0.895,0.00
91.05983,8.402,0.895,0.00
91.06998,9.148,0.880,0.00
91.08014,9.148,0.868,0.00
91.09035,9.918,0.868,0.00
91.10050,9.918,0.868,0.00
91.11812,10.726,0.862,0.00
91.12831,11.541,0.859,0.00
91.13926,11.541,0.859,0.00
91.14941,12.374,0.852,10.00
91.16056,12.374,0.852,10.00
91.17272,13.216,0.841,10.00
91.18288,13.216,0.841,10.00
91.19303,14.056,0.829,10.00
91.20318,14.902,0.827,10.00
91.21332,14.902,0.827,10.00
91.22348,15.726,0.827,10.00
91.23421,15.726,0.827,10.00
91.26085,16.536,0.827,10.00
91.27127,17.388,0.836,10.00
91.29270,18.274,0.836,10.00
91.30287,19.168,0.850,10.00
91.32937,20.075,0.899,10.00
91.34092,20.075,0.899,10.00
91.35617,21.023,0.925,10.00
91.36650,22.018,0.962,10.00
91.37665,22.018,0.962,10.00
91.38973,23.017,1.111,10.00
91.40008,23.017,1.111,10.00
91.41031,24.020,1.310,10.00
91.42054,25.029,1.310,10.00
91.43107,25.029,1.493,10.00
91.44123,25.029,1.691,10.00
91.45232,26.015,1.691,10.00
91.46251,26.015,1.691,10.00
91.47269,26.961,1.936,10.00
91.48454,27.858,2.188,10.50
91.49471,27.858,2.188,10.50
91.50487,28.704,2.422,10.50
91.53374,29.460,2.620,10.50
91.54390,30.123,2.814,10.50
91.56417,30.123,2.814,10.50
91.57441,30.713,2.997,10.50
91.59699,30.713,3.198,10.50
91.60731,31.703,3.378,10.50
91.63020,32.060,3.378,10.50
91.64041,32.060,3.535,10.50
91.66286,32.313,3.702,10.50
91.67302,32.489,3.839,10.50
91.69287,32.584,3.977,11.00
91.70306,32.584,4.096,11.00
91.71331,32.596,4.096,11.00
91.72788,32.523,4.226,11.00
91.73964,32.523,4.226,11.00
91.74980,32.379,4.386,11.00
91.77289,32.156,4.386,11.00
91.78377,31.855,4.697,11.00
91.80425,31.855,4.697,11.00
91.81443,31.489,4.859,11.00
91.83706,31.056,5.011,11.50
91.84724,31.056,5.011,11.50
91.86859,30.049,5.011,11.50
91.87919,30.049,5.247,11.50
91.88936,29.510,5.329,11.50
91.90059,29.510,5.329,11.50
91.91096,28.925,5.400,11.50
91.92112,28.925,5.400,11.50
91.93318,28.289,5.445,12.00
91.94335,27.612,5.488,12.00
91.95385,27.612,5.488,12.00
91.96443,27.612,5.488,12.00
91.97470,26.898,5.509,12.00
91.98509,26.898,5.509,12.00
91.99661,26.142,5.508,12.00
92.00711,25.353,5.496,12.00
92.01746,25.353,5.496,12.00
92.04441,24.540,5.467,12.50
92.05459,23.698,5.441,12.50
92.07709,22.821,5.417,12.50
92.08800,21.912,5.419,12.50
92.10814,21.912,5.419,12.50
92.11832,20.982,5.413,12.50
92.14119,19.168,5.439,12.50
92.15135,19.168,5.439,12.50
92.17217,18.138,5.439,13.00
92.18237,18.138,5.459,13.00
92.19252,17.031,5.490,13.00
92.20458,17.031,5.490,13.00
92.21475,15.860,5.525,13.00
92.22490,14.688,5.525,13.00
92.23688,14.688,5.596,13.00
92.24707,13.587,5.676,13.00
92.25745,13.587,5.676,13.00
92.28614,12.488,5.796,13.50
92.29636,12.488,5.796,13.50
92.30656,12.488,5.946,13.50
92.31678,10.120,6.130,13.50
92.32711,10.120,6.130,13.50
92.35491,10.120,6.568,13.50
92.36522,6.151,6.816,13.50
92.38086,6.151,6.816,14.00
92.39104,4.869,6.816,14.00
92.40120,4.869,7.107,14.00
92.41996,3.716,7.382,14.00
92.43012,2.617,7.683,14.00
92.44506,2.617,7.683,14.00
92.45530,1.534,8.018,14.00
92.46545,1.534,8.370,14.00
92.47735,0.498,8.370,14.00
92.48755,-0.114,8.745,14.00
92.49981,-0.375,8.745,14.00
92.51000,-0.375,9.123,14.50
92.52014,-0.378,9.501,14.50
92.53030,-0.378,9.501,14.50
92.55881,-0.378,9.935,14.50
92.56903,-0.161,10.341,14.50
92.58841,-0.161,10.341,14.50
92.59980,0.006,10.755,14.50
92.62104,0.047,11.658,14.50
92.63158,0.047,11.658,14.50
92.65341,-0.024,12.140,14.50
92.66384,-0.151,12.635,14.50
92.68614,-0.222,13.199,14.50
92.69652,-0.222,13.199,14.50
92.70676,-0.244,13.839,14.50
92.72125,-0.218,14.656,15.00
92.73210,-0.218,14.656,15.00
92.74864,-0.121,14.656,15.00
92.75898,-0.121,15.465,15.00
92.76927,-0.002,16.268,15.00
92.78048,-0.002,16.268,15.00
92.79065,0.165,17.035,15.00
92.80082,0.165,17.035,15.00
92.81239,0.384,17.793,15.00
92.82254,0.384,17.793,15.00
92.83269,0.612,18.473,15.00
92.84460,0.612,19.095,15.00
92.85496,0.983,19.095,15.00
92.86581,1.414,19.627,15.00
92.87636,1.414,19.627,15.00
92.89268,1.741,19.627,15.00
92.90286,2.021,20.138,15.00
92.92462,2.224,20.494,15.00
92.93507,2.224,20.802,15.00
92.95706,2.363,21.476,15.00
92.96782,2.363,21.476,15.00
92.97797,2.445,21.841,15.00
92.98832,2.517,22.218,15.00
92.99851,2.517,22.218,15.00
93.00878,2.532,22.596,15.00
93.02124,2.532,22.596,15.00
93.03185,2.508,23.058,15.00
93.04204,2.401,23.058,15.00
93.05264,2.401,23.495,15.00
93.06355,2.401,23.973,15.00
93.07370,2.259,23.973,15.00
93.08523,2.085,23.973,15.00
93.09574,2.085,24.442,15.00
93.10745,1.865,24.936,15.00
93.13224,1.865,24.936,15.00
93.14252,1.446,25.818,15.00
93.16447,1.446,25.818,15.00
93.17460,1.258,26.196,15.00
93.18478,1.108,26.196,15.00
93.19646,1.108,26.554,15.00
93.20664,0.977,26.835,15.00
93.21682,0.977,26.835,15.00
93.22866,0.905,27.047,15.00
93.23967,0.905,27.047,15.00
93.24984,0.842,27.229,15.00
93.26086,0.842,27.229,15.00
93.27103,0.842,27.229,15.00
93.28119,0.820,27.363,15.00
93.29237,0.825,27.428,15.00
93.30255,0.825,27.428,15.00
93.31271,0.856,27.481,15.00
93.32484,0.886,27.508,15.00
93.33524,0.886,27.508,15.00
93.34567,0.929,27.518,15.00
93.35595,0.929,27.518,15.00
93.37299,0.980,27.540,15.00
93.38314,0.980,27.548,15.00
93.40588,1.121,27.548,15.00
93.41616,1.121,27.552,15.00
93.42646,1.207,27.542,15.00
93.43694,1.207,27.542,15.00
93.44697,1.302,27.531,15.00
93.45714,1.302,27.531,15.00
93.46861,1.395,27.513,15.00
93.47882,1.490,27.513,15.00
93.48925,1.490,27.496,15.00
93.50224,1.490,27.496,15.00
93.51241,1.562,27.514,15.00
93.52267,1.624,27.552,15.00
93.53296,1.624,27.552,15.00
93.54312,1.624,27.615,15.00
93.55365,1.664,27.615,15.00
93.56505,1.689,27.683,0.00
93.57524,1.689,27.683,0.00
93.58567,1.694,27.745,0.00
93.59584,1.694,27.745,0.00
93.60600,1.683,27.813,0.00
93.61616,1.683,27.813,0.00
93.62686,1.650,27.899,0.00
93.63702,1.650,27.899,0.00
93.64737,1.584,28.008,0.00
93.65772,1.584,28.008,0.00
93.66788,1.481,28.162,0.00
93.67804,1.481,28.162,0.00
93.68822,1.340,28.324,0.00
93.69836,1.340,28.324,0.00
93.70852,1.157,28.508,0.00
93.71868,1.157,28.508,0.00
93.72901,0.940,28.690,0.00
93.73917,0.940,28.690,0.00
93.74932,0.728,28.864,0.00
93.75968,0.728,28.864,0.00
93.76984,0.549,29.021,0.00
93.78022,0.549,29.021,0.00
93.79049,0.398,29.165,0.00
93.80081,0.294,29.165,0.00
93.81124,0.294,29.250,0.00
93.82140,0.294,29.250,0.00
93.83157,0.218,29.224,0.00
93.84174,0.218,29.224,0.00
93.85195,0.159,29.083,0.00
93.86212,0.159,29.083,0.00
93.87276,0.113,28.762,0.00
93.88305,0.074,28.239,0.00
93.89321,0.074,28.239,0.00
93.90348,0.045,27.556,0.00
93.91364,0.045,27.556,0.00
93.92377,0.005,26.790,0.00
93.93421,0.005,26.790,0.00
93.94436,-0.018,26.038,0.00
93.95451,-0.018,26.038,0.00
93.96472,-0.041,25.288,0.00
93.97488,-0.041,25.288,0.00
93.98566,-0.017,24.423,0.00
93.99580,-0.017,24.423,0.00
94.00598,-0.031,23.653,0.00
94.01632,-0.031,23.653,0.00
94.02673,-0.031,22.911,0.00
94.03693,-0.074,22.911,0.00
94.04710,-0.104,22.242,0.00
94.05731,-0.104,22.242,0.00
94.06747,-0.132,21.589,0.00
94.07779,-0.132,21.589,0.00
94.08795,-0.156,20.908,0.00
94.09862,-0.156,20.908,0.00
94.10878,-0.178,20.168,0.00
94.11895,-0.178,20.168,0.00
94.12910,-0.202,19.333,0.00
94.13927,-0.230,19.333,0.00
94.14943,-0.230,18.306,0.00
94.15976,-0.262,18.306,0.00
94.16991,-0.262,17.335,0.00
94.18011,-0.262,17.335,0.00
94.19027,-0.288,16.320,0.00
94.20043,-0.288,16.320,0.00
94.21059,-0.311,15.281,0.00
94.22075,-0.311,14.276,0.00
94.23092,-0.328,14.276,0.00
94.24106,-0.336,13.272,0.00
94.25183,-0.336,13.272,0.00
94.26199,-0.335,13.272,0.00
94.27226,-0.335,12.191,0.00
94.28242,-0.335,12.191,0.00
94.29258,-0.328,11.140,0.00
94.30277,-0.328,11.140,0.00
94.31294,-0.316,10.023,0.00
94.32315,-0.300,10.023,0.00
94.33331,-0.300,8.740,0.00
94.34346,-0.274,7.565,0.00
94.35392,-0.274,7.565,0.00
94.36408,-0.234,7.565,0.00
94.37423,-0.234,6.318,0.00
94.38438,-0.185,5.123,0.00
94.39479,-0.185,5.123,0.00
94.40516,-0.185,5.123,0.00
94.41579,-0.185,5.123,0.00
94.42607,-0.089,2.841,0.00
94.43653,-0.089,2.841,0.00
94.44691,-0.043,1.803,0.00
94.45749,-0.043,1.803,0.00
94.46792,0.004,0.863,0.00
94.47831,0.004,0.863,0.00
94.48999,0.052,-0.072,0.00
94.50019,0.052,-0.072,0.00
94.51045,0.085,-0.753,0.00
94.52059,0.085,-0.753,0.00
94.53076,0.097,-1.324,0.00
94.54092,0.097,-1.324,0.00
94.55109,0.092,-1.774,0.00
94.56125,0.092,-1.774,0.00
94.57142,0.084,-2.083,0.00
94.58212,0.072,-2.310,0.00
94.59224,0.072,-2.310,0.00
94.60244,0.072,-2.430,0.00
94.61266,0.052,-2.430,0.00
94.62358,0.052,-2.430,0.00
94.63375,0.026,-2.488,0.00
94.64396,-0.001,-2.454,0.00
94.65414,-0.001,-2.454,0.00
94.66431,-0.019,-2.402,0.00
94.67447,-0.019,-2.402,0.00
94.68506,-0.033,-2.313,0.00
94.69528,-0.033,-2.313,0.00
94.70549,-0.045,-2.240,0.00
94.71565,-0.045,-2.240,0.00
94.72581,-0.058,-2.165,0.00
94.73596,-0.058,-2.165,0.00
94.74806,-0.072,-2.165,0.00
94.75898,-0.072,-2.122,0.00
94.76914,-0.091,-2.094,0.00
94.77929,-0.091,-2.073,0.00
94.78945,-0.108,-2.073,0.00
94.79972,-0.108,-2.073,0.00
94.81012,-0.125,-2.026,0.00
94.82056,-0.137,-1.958,0.00
94.83092,-0.137,-1.958,0.00
94.84124,-0.137,-1.958,0.00
94.85167,-0.140,-1.874,0.00
94.86206,-0.140,-1.763,0.00
94.87249,-0.144,-1.763,0.00
94.88267,-0.144,-1.763,0.00
94.89283,-0.144,-1.636,0.00
94.90300,-0.144,-1.636,0.00
94.91316,-0.137,-1.514,0.00
94.92333,-0.126,-1.398,0.00
94.93349,-0.126,-1.398,0.00
94.94365,-0.113,-1.274,0.00
94.95396,-0.113,-1.274,0.00
94.96411,-0.095,-1.152,0.00
94.97450,-0.095,-1.152,0.00
94.98630,-0.078,-1.052,0.00
94.99652,-0.078,-1.052,0.00
95.00697,-0.060,-0.971,0.00
95.01716,-0.060,-0.971,0.00
95.02732,-0.040,-0.903,0.00
95.03765,-0.040,-0.903,0.00
95.04772,-0.018,-0.851,0.00
95.05788,-0.018,-0.851,0.00
95.07039,0.001,-0.802,0.00
95.08057,0.001,-0.802,0.00
95.09446,0.001,-0.802,0.00
95.11105,0.028,-0.744,0.00
95.12139,0.028,-0.744,0.00
95.13291,0.034,-0.731,0.00
95.14857,0.041,-0.731,0.00
95.15911,0.041,-0.729,0.00
95.17007,0.049,-0.729,0.00
95.18055,0.049,-0.733,0.00
95.19099,0.057,-0.733,0.00
95.21405,0.062,-0.743,0.00
95.22507,0.061,-0.743,0.00
95.23768,0.061,-0.752,0.00
95.26107,0.036,-0.789,0.00
95.27237,0.036,-0.789,0.00
95.28999,0.036,-0.789,0.00
95.30588,0.004,-0.816,0.00
95.31631,0.004,-0.837,0.00
95.32841,-0.016,-0.855,0.00
95.33882,-0.016,-0.855,0.00
95.35464,-0.040,-0.869,0.00
95.36490,-0.040,-0.869,0.00
95.38468,-0.064,-0.906,0.00
95.40527,-0.092,-0.906,0.00
95.41579,-0.092,-0.933,0.00
95.42817,-0.103,-0.933,0.00
95.43859,-0.103,-0.967,0.00
95.44988,-0.103,-0.967,0.00
95.46004,-0.112,-1.016,0.00
95.47105,-0.124,-1.065,0.00
95.48677,-0.137,-1.118,0.00
95.49823,-0.137,-1.118,0.00
95.50855,-0.137,-1.169,0.00
95.51908,-0.137,-1.169,0.00
95.52966,-0.145,-1.220,0.00
95.54024,-0.151,-1.220,0.00
95.55312,-0.152,-1.266,0.00
95.56391,-0.152,-1.266,0.00
95.58149,-0.146,-1.315,0.00
95.59331,-0.141,-1.360,0.00
95.61319,-0.137,-1.360,0.00
95.62340,-0.137,-1.405,0.00
95.63688,-0.129,-1.435,0.00
95.64754,-0.129,-1.435,0.00
95.67586,-0.105,-1.484,0.00
95.69979,-0.092,-1.498,0.00
95.72212,-0.082,-1.509,0.00
95.74508,-0.052,-1.536,0.00
95.75786,-0.052,-1.536,0.00
95.77341,-0.047,-1.530,0.00
95.78476,-0.047,-1.530,0.00
95.80408,-0.045,-1.540,0.00
95.83829,-0.031,-1.544,0.00
95.85230,-0.029,-1.538,0.00
95.86970,-0.029,-1.538,0.00
95.88114,-0.033,-1.511,0.00
95.89262,-0.037,-1.511,0.00
95.90286,-0.038,-1.497,0.00
95.91310,-0.038,-1.497,0.00
95.92756,-0.036,-1.480,0.00
95.94586,-0.036,-1.480,0.00
95.95656,-0.037,-1.480,0.00
95.97241,-0.041,-1.440,0.00
95.98380,-0.041,-1.425,0.00
96.00341,-0.044,-1.425,0.00
96.01712,-0.046,-1.411,0.00
96.03427,-0.043,-1.411,0.00
96.04938,-0.043,-1.401,0.00
96.06211,-0.041,-1.399,0.00
96.11980,-0.048,-1.395,0.00
96.13016,-0.037,-1.387,0.00
96.17470,-0.037,-1.386,0.00
96.18609,-0.011,-0.171,0.00
96.19865,0.036,-0.173,0.00
96.20885,0.036,-0.173,0.00
96.22081,0.036,-0.173,0.00
96.23098,0.039,-0.185,0.00
96.24114,0.039,-0.192,0.00
96.25128,0.041,-0.192,0.00
96.26195,0.041,-0.192,0.00
96.27212,0.041,-0.197,0.00
96.28252,0.041,-0.197,0.00
96.29289,0.043,-0.200,0.00
96.30305,0.045,-0.206,0.00
96.31321,0.045,-0.206,0.00
96.32342,0.041,-0.213,0.00
96.33366,0.041,-0.213,0.00
96.34393,0.038,-0.217,0.00
96.35413,0.038,-0.217,0.00
96.36439,0.038,-0.217,0.00
96.37455,0.036,-0.219,0.00
96.38470,0.036,-0.219,0.00
96.39548,0.032,-0.218,0.00
96.40548,0.032,-0.218,0.00
96.41595,0.028,-0.213,0.00
96.42611,0.021,-0.206,0.00
96.43632,0.021,-0.206,0.00
96.44667,0.012,-0.201,0.00
96.45682,0.012,-0.201,0.00
96.46699,0.003,-0.199,0.00
96.47751,0.003,-0.199,0.00
96.48773,0.003,-0.199,0.00
96.49826,0.003,-0.199,0.00
96.50936,-0.016,-0.199,0.00
96.51960,-0.016,-0.199,0.00
96.52975,-0.024,-0.200,0.00
96.54023,-0.032,-0.197,0.00
96.55038,-0.032,-0.197,0.00
96.56055,-0.032,-0.196,0.00
96.57071,-0.038,-0.196,0.00
96.58087,-0.038,-0.196,0.00
96.59102,-0.038,-0.195,0.00
96.60119,-0.044,-0.195,0.00
96.61136,-0.050,-0.195,0.00
96.62182,-0.067,-0.198,0.00
96.63198,-0.067,-0.198,0.00
96.64339,-0.067,-0.198,0.00
96.65355,-0.081,-0.201,0.00
96.66446,-0.092,-0.206,0.00
96.67461,-0.092,-0.206,0.00
96.68477,-0.092,-0.206,0.00
96.69493,-0.106,-0.212,0.00
96.70531,-0.118,-0.220,0.00
96.71550,-0.118,-0.220,0.00
96.72588,-0.125,-0.228,0.00
96.73611,-0.125,-0.228,0.00
96.74656,-0.133,-0.238,0.00
96.75697,-0.133,-0.238,0.00
96.76724,-0.144,-0.251,0.00
96.77805,-0.144,-0.263,0.00
96.78820,-0.160,-0.263,0.00
96.79837,-0.160,-0.263,0.00
96.80852,-0.175,-0.274,0.00
96.82004,-0.175,-0.274,0.00
96.83034,-0.181,-0.285,0.00
96.84115,-0.181,-0.285,0.00
96.85131,-0.185,-0.295,0.00
96.86147,-0.185,-0.295,0.00
96.87172,-0.190,-0.308,0.00
96.88187,-0.193,-0.308,0.00
96.89205,-0.193,-0.319,0.00
96.90220,-0.196,-0.330,0.00
96.91244,-0.196,-0.330,0.00
96.92287,-0.199,-0.339,0.00
96.93322,-0.199,-0.339,0.00
96.94358,-0.202,-0.349,0.00
96.95396,-0.202,-0.349,0.00
96.96457,-0.208,-0.358,0.00
96.97471,-0.208,-0.358,0.00
96.98581,-0.216,-0.366,0.00
96.99599,-0.216,-0.366,0.00
97.00663,-0.218,-0.381,0.00
97.01854,-0.218,-0.381,0.00
97.02888,-0.222,-0.393,0.00
97.03929,-0.228,-0.393,0.00
97.04945,-0.228,-0.405,0.00
97.05960,-0.228,-0.405,0.00
97.07022,-0.228,-0.414,0.00
97.08037,-0.230,-0.420,0.00
97.09053,-0.232,-0.420,0.00
97.10069,-0.232,-0.423,0.00
97.11085,-0.235,-0.423,0.00
97.12104,-0.235,-0.423,0.00
97.13120,-0.240,-0.425,0.00
97.14135,-0.245,-0.425,0.00
97.15152,-0.245,-0.426,0.00
97.16168,-0.245,-0.426,0.00
97.17184,-0.252,-0.428,0.00
97.18201,-0.252,-0.428,0.00
97.19226,-0.258,-0.431,0.00
97.20242,-0.266,-0.431,0.00
97.21258,-0.266,-0.434,0.00
97.22299,-0.273,-0.440,0.00
97.23314,-0.273,-0.440,0.00
97.24334,-0.273,-0.445,0.00
97.25350,-0.279,-0.445,0.00
97.26388,-0.284,-0.447,0.00
97.27416,-0.284,-0.447,0.00
97.28428,-0.288,-0.451,0.00
97.29445,-0.288,-0.451,0.00
97.30469,-0.293,-0.455,0.00
97.31489,-0.293,-0.455,0.00
97.32539,-0.297,-0.456,0.00
97.33562,-0.297,-0.456,0.00
97.34577,-0.303,-0.457,0.00
97.35593,-0.303,-0.457,0.00
97.36637,-0.303,-0.457,0.00
97.37693,-0.308,-0.458,0.00
97.38709,-0.312,-0.462,0.00
97.39724,-0.312,-0.462,0.00
97.40744,-0.320,-0.462,0.00
97.41771,-0.320,-0.466,0.00
97.42787,-0.327,-0.467,0.00
97.43802,-0.327,-0.467,0.00
97.44881,-0.330,-0.468,0.00
97.45904,-0.330,-0.468,0.00
97.46918,-0.331,-0.467,0.00
97.47953,-0.331,-0.467,0.00
97.49033,-0.334,-0.464,0.00
97.50068,-0.334,-0.464,0.00
97.51100,-0.340,-0.460,0.00
97.52125,-0.340,-0.460,0.00
97.53141,-0.342,-0.457,0.00
97.54166,-0.342,-0.457,0.00
97.55181,-0.332,-0.451,0.00
97.56208,-0.332,-0.451,0.00
97.57231,-0.332,-0.451,0.00
97.58247,-0.319,-0.448,0.00
97.59262,-0.306,-0.447,0.00
97.60289,-0.306,-0.447,0.00
97.61304,-0.293,-0.443,0.00
97.62319,-0.280,-0.441,0.00
97.63332,-0.280,-0.441,0.00
97.64352,-0.268,-0.438,0.00
97.65409,-0.268,-0.438,0.00
97.66424,-0.252,-0.432,0.00
97.67461,-0.252,-0.432,0.00
97.68481,-0.237,-0.426,0.00
97.69497,-0.237,-0.426,0.00
97.70513,-0.221,-0.418,0.00
97.71529,-0.221,-0.418,0.00
97.72635,-0.204,-0.413,0.00
97.73655,-0.204,-0.413,0.00
97.74670,-0.190,-0.408,0.00
97.75686,-0.190,-0.408,0.00
97.76706,-0.179,-0.404,0.00
97.77732,-0.179,-0.404,0.00
97.78748,-0.179,-0.398,0.00
97.79825,-0.167,-0.398,0.00
97.80976,-0.156,-0.391,0.00
97.82154,-0.156,-0.391,0.00
97.83171,-0.147,-0.383,0.00
97.84188,-0.147,-0.383,0.00
97.85205,-0.139,-0.375,0.00
97.86220,-0.139,-0.375,0.00
97.87236,-0.139,-0.375,0.00
97.88264,-0.139,-0.375,0.00
97.89529,-0.139,-0.375,0.00
97.90545,-0.091,-0.357,0.00
97.91560,-0.063,-0.348,0.00
97.92574,-0.024,-0.348,0.00
97.93597,-0.024,-0.340,0.00
97.94614,0.028,-0.333,0.00
97.95684,0.028,-0.333,0.00
97.96752,0.106,-0.327,0.00
97.97793,0.106,-0.327,0.00
97.98809,0.256,-0.318,0.00
97.99825,0.256,-0.318,0.00
98.00884,0.461,-0.310,0.00
98.01922,0.461,-0.310,0.00
98.03075,0.700,-0.306,0.00
98.04110,1.178,-0.306,0.00
98.05126,1.178,-0.295,0.00
98.06142,1.600,-0.288,0.00
98.07158,1.600,-0.288,0.00
98.08182,1.600,-0.288,0.00
98.09197,2.052,-0.282,0.00
98.10213,2.052,-0.282,0.00
98.11229,2.534,-0.274,0.00
98.12300,2.534,-0.274,0.00
98.13316,3.001,-0.270,0.00
98.14398,3.001,-0.270,0.00
98.15436,3.513,-0.269,0.00
98.16468,3.513,-0.269,0.00
98.17488,3.988,-0.272,0.00
98.18510,4.532,-0.277,0.00
98.19525,4.532,-0.277,0.00
98.20552,5.157,-0.267,0.00
98.21602,5.157,-0.267,0.00
98.22677,5.157,-0.267,0.00
98.23715,5.850,-0.255,0.00
98.24714,6.649,-0.241,0.00
98.25738,6.649,-0.241,0.00
98.26763,7.499,-0.228,0.00
98.27778,7.499,-0.228,0.00
98.28807,8.399,-0.230,0.00
98.29870,8.399,-0.230,0.00
98.30887,9.414,-0.241,0.00
98.31905,9.414,-0.241,0.00
98.33208,10.553,-0.257,0.00
98.34227,11.758,-0.257,0.00
98.35252,11.758,-0.275,0.00
98.36455,13.000,-0.275,10.00
98.37479,13.000,-0.291,10.00
98.38497,13.000,-0.291,10.00
98.39914,14.306,-0.295,10.00
98.40931,15.665,-0.288,10.00
98.41946,15.665,-0.288,10.00
98.42968,17.029,-0.276,10.00
98.43982,18.391,-0.260,10.00
98.45077,18.391,-0.260,10.00
98.47876,19.759,-0.238,10.00
98.48894,21.114,-0.218,10.00
98.50836,22.472,-0.218,10.00
98.51917,22.472,-0.197,10.00
98.54106,25.085,-0.132,10.00
98.55122,25.085,-0.132,10.00
98.56154,26.296,-0.132,10.00
98.57274,26.296,-0.072,10.00
98.58290,26.296,-0.072,10.00
98.59305,27.445,0.105,10.00
98.60478,28.569,0.320,10.00
98.61502,28.569,0.320,10.00
98.62566,29.646,0.507,10.00
98.63708,29.646,0.507,10.00
98.64807,30.674,0.719,10.00
98.65919,30.674,0.719,10.00
98.66935,31.624,0.963,10.00
98.68081,31.624,1.252,10.00
98.69096,32.488,1.252,10.00
98.71604,32.488,1.252,10.50
98.72631,33.959,1.715,10.50
98.75010,33.959,1.931,10.50
98.76056,34.587,2.155,10.50
98.78284,35.552,2.372,10.50
98.79346,35.552,2.372,10.50
98.81290,35.877,2.605,10.50
98.82306,36.111,2.828,10.50
98.83322,36.111,2.828,10.50
98.84417,36.111,2.828,10.50
98.85434,36.266,3.087,10.50
98.86450,36.331,3.282,10.50
98.87632,36.331,3.282,10.50
98.88758,36.327,3.432,10.50
98.89775,36.327,3.432,10.50
98.91046,36.271,3.561,11.00
98.92257,36.271,3.561,11.00
98.93272,36.154,3.674,11.00
98.94288,36.154,3.674,11.00
98.95303,35.992,3.778,11.00
98.96320,35.790,3.877,11.00
98.97336,35.790,3.877,11.00
98.98351,35.537,3.994,11.00
98.99367,35.537,3.994,11.00
99.02271,35.234,4.122,11.00
99.03288,34.887,4.225,11.00
99.05205,34.887,4.225,11.50
99.06235,34.014,4.314,11.50
99.08540,33.485,4.414,11.50
99.09579,33.485,4.414,11.50
99.11991,32.911,4.427,11.50
99.13009,32.299,4.401,11.50
99.14028,32.299,4.401,11.50
99.15058,31.638,4.364,12.00
99.16079,31.638,4.364,12.00
99.17094,30.891,4.308,12.00
99.18170,30.056,4.308,12.00
99.19191,30.056,4.253,12.00
99.20206,30.056,4.213,12.00
99.21232,29.154,4.213,12.00
99.22247,29.154,4.213,12.00
99.23262,28.168,4.165,12.00
99.24324,27.055,4.129,12.00
99.26253,27.055,4.129,12.50
99.27269,25.858,4.110,12.50
99.29313,24.627,4.114,12.50
99.30329,23.317,4.130,12.50
99.32472,23.317,4.130,12.50
99.33496,21.966,4.159,12.50
99.35615,20.580,4.203,12.50
99.36653,19.087,4.237,12.50
99.37702,19.087,4.237,12.50
99.38871,17.525,4.285,13.00
99.39895,17.525,4.337,13.00
99.40912,15.937,4.337,13.00
99.42033,15.937,4.337,13.00
99.43051,14.306,4.419,13.00
99.44067,14.306,4.419,13.00
99.45275,12.665,4.521,13.00
99.46326,12.665,4.521,13.00
99.47349,11.060,4.676,13.00
99.50074,7.957,5.140,13.50
99.51092,7.957,5.140,13.50
99.53302,6.431,5.411,13.50
99.54465,4.903,5.698,13.50
99.56906,4.903,5.698,13.50
99.57926,3.425,5.977,13.50
99.59650,2.006,6.271,14.00
99.60696,0.703,6.569,14.00
99.62986,0.703,6.569,14.00
99.64020,-0.190,6.904,14.00
99.65054,-0.553,7.260,14.00
99.66256,-0.477,7.260,14.00
99.67286,-0.477,7.709,14.00
99.68309,-0.477,8.128,14.00
99.69348,-0.385,8.128,14.00
99.70506,-0.385,8.128,14.00
99.71523,-0.249,8.546,14.00
99.72672,-0.023,8.546,14.50
99.73692,-0.023,8.973,14.50
99.74726,0.104,9.405,14.50
99.77283,0.090,9.405,14.50
99.78302,0.008,9.860,14.50
99.80482,0.008,10.336,14.50
99.81511,-0.149,10.884,14.50
99.83767,-0.306,11.610,14.50
99.84783,-0.359,12.324,14.50
99.86808,-0.359,12.324,14.50
99.87844,-0.354,13.115,14.50
99.88890,-0.289,13.924,14.50
99.90099,-0.151,14.720,14.50
99.91139,-0.151,14.720,14.50
99.92197,0.042,15.501,14.50
99.93220,0.042,15.501,15.00
99.94237,0.284,16.256,15.00
99.95253,0.284,16.256,15.00
99.96534,0.284,16.256,15.00
99.97561,0.548,16.962,15.00
99.98612,0.903,17.736,15.00
99.99658,0.903,17.736,15.00
100.00674,1.392,17.736,15.00
100.01857,1.392,18.387,15.00
100.02902,1.748,18.953,15.00
100.03918,2.056,18.953,15.00
100.04934,2.056,19.408,15.00
100.07934,2.453,19.408,15.00
100.08950,2.453,20.065,15.00
100.10891,2.534,20.342,15.00
100.12105,2.596,20.342,15.00
100.14031,2.644,20.628,15.00
100.15064,2.644,20.968,15.00
100.17231,2.630,20.968,15.00
100.18260,2.539,21.608,15.00
100.20408,2.539,21.608,15.00
100.21426,2.387,21.912,15.00
100.22451,2.209,22.193,15.00
100.23646,2.209,22.193,15.00
100.24678,1.995,22.458,15.00
100.25737,1.995,22.458,15.00
100.26947,1.757,22.723,15.00
100.28052,1.527,22.723,15.00
100.29069,1.527,22.994,15.00
100.30184,1.313,23.360,15.00
100.31219,1.313,23.360,15.00
100.32237,1.120,23.752,15.00
100.33282,1.120,23.752,15.00
100.34348,1.120,23.752,15.00
100.35375,0.972,24.176,15.00
100.36580,0.846,24.558,15.00
100.37607,0.846,24.558,15.00
100.38623,0.754,24.899,15.00
100.41320,0.691,25.151,15.00
100.42337,0.638,25.151,15.00
100.44484,0.630,25.279,15.00
100.45546,0.630,25.279,15.00
100.47631,0.630,25.279,15.00
100.48667,0.634,25.248,15.00
100.49682,0.634,25.248,15.00
100.50834,0.634,25.250,15.00
100.51854,0.656,25.250,15.00
100.52870,0.687,25.268,15.00
100.54070,0.737,25.322,15.00
100.55090,0.737,25.322,15.00
100.56107,0.737,25.322,15.00
100.57286,0.803,25.393,15.00
100.58333,0.883,25.468,15.00
100.59387,0.883,25.468,15.00
100.60411,0.969,25.468,15.00
100.61431,0.969,25.540,15.00
100.62447,1.051,25.622,15.00
100.65209,1.051,25.622,15.00
100.66227,1.123,25.692,15.00
100.68478,1.226,25.766,15.00
100.69512,1.226,25.863,15.00
100.71952,1.286,25.980,15.00
100.72969,1.286,26.107,15.00
100.75060,1.301,26.238,15.00
100.76074,1.301,26.376,15.00
100.77104,1.312,26.376,0.00
100.78121,1.312,26.376,0.00
100.79160,1.318,26.518,0.00
100.80175,1.313,26.518,0.00
100.81192,1.313,26.669,0.00
100.82208,1.297,26.669,0.00
100.83225,1.297,26.809,0.00
100.84242,1.258,26.809,0.00
100.85257,1.258,26.960,0.00
100.86276,1.189,26.960,0.00
100.87289,1.189,27.107,0.00
100.88305,1.090,27.263,0.00
100.89321,1.090,27.263,0.00
100.90338,1.090,27.263,0.00
100.91353,0.960,27.398,0.00
100.92388,0.795,27.528,0.00
100.93500,0.795,27.528,0.00
100.94535,0.612,27.647,0.00
100.95591,0.612,27.647,0.00
100.96668,0.448,27.778,0.00
100.97697,0.448,27.778,0.00
100.98750,0.310,27.882,0.00
100.99770,0.310,27.882,0.00
101.00785,0.198,27.943,0.00
101.01809,0.198,27.943,0.00
101.02824,0.119,27.926,0.00
101.03838,0.119,27.926,0.00
101.04853,0.087,27.810,0.00
101.05953,0.087,27.810,0.00
101.06970,0.031,27.555,0.00
101.08102,0.031,27.555,0.00
101.09231,-0.017,27.105,0.00
101.10265,0.004,26.482,0.00
101.11296,0.004,26.482,0.00
101.12328,0.004,26.482,0.00
101.13344,0.004,25.672,0.00
101.14372,0.004,24.939,0.00
101.15388,-0.052,24.939,0.00
101.16404,-0.057,24.213,0.00
101.17423,-0.057,24.213,0.00
101.18452,-0.057,23.451,0.00
101.19488,-0.007,23.451,0.00
101.20513,-0.040,22.635,0.00
101.21556,-0.040,22.635,0.00
101.22574,-0.067,21.824,0.00
101.23596,-0.067,21.824,0.00
101.24634,-0.067,21.824,0.00
101.25649,-0.037,21.016,0.00
101.26687,-0.037,21.016,0.00
101.27863,-0.037,20.199,0.00
101.28912,-0.050,19.212,0.00
101.29932,-0.050,19.212,0.00
101.31008,-0.097,18.279,0.00
101.32024,-0.097,18.279,0.00
101.33042,-0.110,17.372,0.00
101.34058,-0.095,16.504,0.00
101.35074,-0.095,16.504,0.00
101.36090,-0.095,15.641,0.00
101.37104,-0.153,15.641,0.00
101.38121,-0.177,15.641,0.00
101.39142,-0.177,14.769,0.00
101.40384,-0.177,14.769,0.00
101.41402,-0.197,13.890,0.00
101.42418,-0.197,13.890,0.00
101.43433,-0.205,12.985,0.00
101.44460,-0.209,12.985,0.00
101.45568,-0.209,11.977,0.00
101.46584,-0.209,11.977,0.00
101.47600,-0.209,11.977,0.00
101.48617,-0.209,11.977,0.00
101.49633,-0.209,11.977,0.00
101.50655,-0.209,11.977,0.00
101.51671,-0.209,11.977,0.00
101.52687,-0.204,11.977,0.00
101.53702,-0.193,10.067,0.00
101.54719,-0.180,7.910,0.00
101.55737,-0.131,6.777,0.00
101.56754,-0.096,5.758,0.00
101.57770,-0.096,5.758,0.00
101.58801,-0.061,4.812,0.00
101.59819,-0.061,4.812,0.00
101.60834,-0.027,3.812,0.00
101.61864,-0.027,3.011,0.00
101.62895,0.017,3.011,0.00
101.63949,0.017,3.011,0.00
101.64973,0.060,2.268,0.00
101.65990,0.060,2.268,0.00
101.67005,0.097,1.606,0.00
101.68021,0.122,1.606,0.00
101.69036,0.122,1.011,0.00
101.70051,0.122,1.011,0.00
101.71067,0.135,0.429,0.00
101.72084,0.132,0.014,0.00
101.73100,0.132,0.014,0.00
101.74116,0.117,-0.325,0.00
101.75161,0.117,-0.325,0.00
101.76178,0.117,-0.325,0.00
101.77194,0.094,-0.547,0.00
101.78211,0.094,-0.547,0.00
101.79229,0.067,-0.574,0.00
101.80245,0.036,-0.480,0.00
101.81261,0.036,-0.480,0.00
101.82277,0.005,-0.331,0.00
101.83293,0.005,-0.331,0.00
101.84320,-0.029,-0.155,0.00
101.85347,-0.029,-0.155,0.00
101.86370,-0.064,-0.155,0.00
101.87397,-0.064,-0.010,0.00
101.88461,-0.104,-0.010,0.00
101.89495,-0.104,0.073,0.00
101.90511,-0.147,0.073,0.00
101.91564,-0.147,0.105,0.00
101.92604,-0.190,0.118,0.00
101.93635,-0.190,0.118,0.00
101.94672,-0.232,0.137,0.00
101.95771,-0.232,0.137,0.00
101.96787,-0.266,0.172,0.00
101.97804,-0.266,0.172,0.00
101.98852,-0.296,0.230,0.00
101.99890,-0.313,0.230,0.00
102.00905,-0.313,0.299,0.00
102.01926,-0.313,0.299,0.00
102.02942,-0.325,0.377,0.00
102.03978,-0.325,0.377,0.00
102.04994,-0.329,0.450,0.00
102.06014,-0.329,0.450,0.00
102.07039,-0.324,0.514,0.00
102.08067,-0.324,0.514,0.00
102.09093,-0.314,0.558,0.00
102.10109,-0.298,0.576,0.00
102.11201,-0.298,0.576,0.00
102.12217,-0.276,0.594,0.00
102.13233,-0.276,0.594,0.00
102.14249,-0.276,0.608,0.00
102.15265,-0.249,0.608,0.00
102.16281,-0.249,0.612,0.00
102.17296,-0.219,0.612,0.00
102.18312,-0.219,0.612,0.00
102.19380,-0.219,0.606,0.00
102.20507,-0.191,0.607,0.00
102.21523,-0.161,0.607,0.00
102.22538,-0.135,0.622,0.00
102.23560,-0.135,0.622,0.00
102.24598,-0.109,0.649,0.00
102.25625,-0.109,0.649,0.00
102.26659,-0.084,0.672,0.00
102.27987,-0.084,0.692,0.00
102.29781,-0.064,0.692,0.00
102.31355,-0.050,0.692,0.00
102.32576,-0.042,0.719,0.00
102.34148,-0.032,0.719,0.00
102.35195,-0.032,0.719,0.00
102.36211,-0.032,0.730,0.00
102.37560,-0.032,0.745,0.00
102.38623,-0.022,0.760,0.00
102.39837,-0.022,0.760,0.00
102.40963,-0.022,0.760,0.00
102.42596,-0.010,0.774,0.00
102.44178,-0.007,0.774,0.00
102.45198,-0.007,0.800,0.00
102.46843,-0.013,0.802,0.00
102.47870,-0.013,0.802,0.00
102.49443,-0.021,0.799,0.00
102.51061,-0.026,0.792,0.00
102.53098,-0.026,0.792,0.00
102.54671,-0.026,0.779,0.00
102.55805,-0.026,0.779,0.00
102.56885,-0.023,0.779,0.00
102.58060,-0.021,0.724,0.00
102.59638,-0.012,0.684,0.00
102.61338,-0.002,0.650,0.00
102.63414,0.010,0.650,0.00
102.64644,0.024,0.587,0.00
102.65678,0.024,0.587,0.00
102.66710,0.024,0.566,0.00
102.67728,0.036,0.566,0.00
102.68926,0.036,0.566,0.00
102.69942,0.036,0.566,0.00
102.72094,0.047,0.531,0.00
102.73883,0.071,0.516,0.00
102.75338,0.083,0.516,0.00
102.76393,0.097,0.498,0.00
102.77502,0.097,0.480,0.00
102.78841,0.097,0.480,0.00
102.79954,0.111,0.467,0.00
102.81265,0.111,0.467,0.00
102.82354,0.140,0.458,0.00
102.83955,0.140,0.447,0.00
102.85011,0.140,0.443,0.00
102.86107,0.152,0.443,0.00
102.87139,0.152,0.445,0.00
102.88202,0.160,0.445,0.00
102.89288,0.167,0.448,0.00
102.90330,0.167,0.448,0.00
102.91378,0.174,0.448,0.00
102.92421,0.174,0.461,0.00
102.93544,0.174,0.461,0.00
102.95147,0.169,0.495,0.00
102.96204,0.160,0.495,0.00
102.97242,0.160,0.510,0.00
102.98278,0.153,0.527,0.00
102.99339,0.153,0.527,0.00
103.00365,0.153,0.527,0.00
103.01389,0.153,0.536,0.00
103.02419,0.164,0.536,0.00
103.03458,0.164,0.548,0.00
103.05233,0.174,0.548,0.00
103.06253,0.174,0.560,0.00
103.07353,0.184,0.574,0.00
103.08635,0.190,0.574,0.00
103.10219,0.192,0.584,0.00
103.12355,0.194,0.597,0.00
103.14193,0.194,0.597,0.00
103.16011,0.196,0.595,0.00
103.17044,0.196,0.594,0.00
103.18706,0.212,0.586,0.00
103.19830,0.212,0.586,0.00
103.20902,0.218,0.577,0.00
103.22001,0.218,0.577,0.00
103.23891,0.221,0.560,0.00
103.25903,0.221,0.548,0.00
103.27484,0.237,0.540,0.00
103.35718,0.264,0.491,0.00
103.36917,0.270,0.479,0.00
103.42772,0.270,0.479,0.00
103.43806,0.298,0.452,0.00
103.44832,0.251,-0.135,0.00
103.45898,0.262,-0.139,0.00
103.46913,0.274,-0.145,0.00
103.47942,0.274,-0.145,0.00
103.48964,0.285,-0.154,0.00
103.49979,0.293,-0.157,0.00
103.50997,0.293,-0.157,0.00
103.52039,0.293,-0.157,0.00
103.53056,0.293,-0.153,0.00
103.54092,0.301,-0.146,0.00
103.55134,0.309,-0.146,0.00
103.56189,0.309,-0.146,0.00
103.57228,0.309,-0.146,0.00
103.58265,0.318,-0.137,0.00
103.59301,0.329,-0.137,0.00
103.60352,0.329,-0.139,0.00
103.61388,0.337,-0.139,0.00
103.62423,0.337,-0.142,0.00
103.63454,0.345,-0.142,0.00
103.64491,0.360,-0.146,0.00
103.65506,0.360,-0.146,0.00
103.66522,0.378,-0.150,0.00
103.67556,0.378,-0.150,0.00
103.68725,0.378,-0.150,0.00
103.69858,0.393,-0.156,0.00
103.70884,0.405,-0.160,0.00
103.71900,0.405,-0.160,0.00
103.72916,0.417,-0.164,0.00
103.73931,0.417,-0.164,0.00
103.74980,0.424,-0.170,0.00
103.76025,0.424,-0.170,0.00
103.77047,0.432,-0.179,0.00
103.78076,0.432,-0.179,0.00
103.79092,0.438,-0.187,0.00
103.80116,0.438,-0.187,0.00
103.81133,0.445,-0.191,0.00
103.82219,0.457,-0.194,0.00
103.83235,0.457,-0.194,0.00
103.84250,0.464,-0.199,0.00
103.85266,0.464,-0.199,0.00
103.86286,0.464,-0.199,0.00
103.87310,0.467,-0.205,0.00
103.88336,0.471,-0.203,0.00
103.89349,0.471,-0.203,0.00
103.90364,0.474,-0.191,0.00
103.91379,0.474,-0.191,0.00
103.92413,0.477,-0.174,0.00
103.93455,0.477,-0.174,0.00
103.94471,0.476,-0.159,0.00
103.95488,0.476,-0.159,0.00
103.96503,0.478,-0.144,0.00
103.97548,0.478,-0.144,0.00
103.98615,0.477,-0.132,0.00
103.99656,0.477,-0.132,0.00
104.00687,0.476,-0.121,0.00
104.01705,0.476,-0.121,0.00
104.02722,0.474,-0.111,0.00
104.03740,0.474,-0.111,0.00
104.04760,0.471,-0.097,0.00
104.05787,0.471,-0.097,0.00
104.06803,0.469,-0.084,0.00
104.07819,0.469,-0.068,0.00
104.08841,0.466,-0.068,0.00
104.09880,0.466,-0.060,0.00
104.10904,0.463,-0.060,0.00
104.11921,0.460,-0.060,0.00
104.12937,0.460,-0.051,0.00
104.13989,0.460,-0.051,0.00
104.15006,0.455,-0.043,0.00
104.16023,0.455,-0.043,0.00
104.17038,0.448,-0.033,0.00
104.18052,0.442,-0.033,0.00
104.19067,0.442,-0.025,0.00
104.20100,0.435,-0.025,0.00
104.21116,0.435,-0.023,0.00
104.22131,0.435,-0.025,0.00
104.23147,0.423,-0.025,0.00
104.24168,0.423,-0.027,0.00
104.25183,0.409,-0.027,0.00
104.26203,0.409,-0.027,0.00
104.27222,0.400,-0.027,0.00
104.28238,0.396,-0.031,0.00
104.29254,0.396,-0.031,0.00
104.30270,0.391,-0.036,0.00
104.31298,0.391,-0.036,0.00
104.32331,0.386,-0.041,0.00
104.33386,0.386,-0.041,0.00
104.34409,0.381,-0.047,0.00
104.35439,0.381,-0.047,0.00
104.36455,0.371,-0.053,0.00
104.37478,0.371,-0.053,0.00
104.38494,0.360,-0.053,0.00
104.39511,0.360,-0.060,0.00
104.40537,0.349,-0.066,0.00
104.41571,0.349,-0.066,0.00
104.42593,0.339,-0.073,0.00
104.43608,0.339,-0.073,0.00
104.44633,0.329,-0.077,0.00
104.45671,0.329,-0.077,0.00
104.46709,0.317,-0.090,0.00
104.47721,0.317,-0.090,0.00
104.48739,0.301,-0.102,0.00
104.49755,0.301,-0.102,0.00
104.50778,0.288,-0.110,0.00
104.51804,0.288,-0.110,0.00
104.52820,0.275,-0.118,0.00
104.53835,0.275,-0.118,0.00
104.54851,0.261,-0.125,0.00
104.55887,0.261,-0.132,0.00
104.56948,0.245,-0.132,0.00
104.57969,0.245,-0.132,0.00
104.58997,0.227,-0.141,0.00
104.60058,0.227,-0.141,0.00
104.61090,0.210,-0.147,0.00
104.62124,0.193,-0.150,0.00
104.63142,0.193,-0.150,0.00
104.64184,0.193,-0.150,0.00
104.65199,0.176,-0.153,0.00
104.66215,0.160,-0.153,0.00
104.67231,0.160,-0.153,0.00
104.68246,0.144,-0.156,0.00
104.69261,0.144,-0.156,0.00
104.70278,0.130,-0.153,0.00
104.71294,0.130,-0.153,0.00
104.72346,0.118,-0.157,0.00
104.73371,0.118,-0.157,0.00
104.74387,0.108,-0.159,0.00
104.75404,0.108,-0.159,0.00
104.76419,0.108,-0.162,0.00
104.77435,0.101,-0.162,0.00
104.78454,0.094,-0.162,0.00
104.79468,0.094,-0.162,0.00
104.80484,0.087,-0.163,0.00
104.81500,0.087,-0.163,0.00
104.82536,0.083,-0.166,0.00
104.83557,0.083,-0.166,0.00
104.84574,0.075,-0.168,0.00
104.85591,0.075,-0.168,0.00
104.86667,0.063,-0.173,0.00
104.87684,0.063,-0.173,0.00
104.88711,0.051,-0.178,0.00
104.89771,0.051,-0.178,0.00
104.90886,0.047,-0.180,0.00
104.91957,0.047,-0.180,0.00
104.92980,0.049,-0.182,0.00
104.93999,0.049,-0.182,0.00
104.95015,0.052,-0.183,0.00
104.96167,0.052,-0.183,0.00
104.97185,0.055,-0.183,0.00
104.98199,0.055,-0.183,0.00
104.99237,0.059,-0.181,0.00
105.00264,0.058,-0.178,0.00
105.01311,0.058,-0.178,0.00
105.02326,0.053,-0.180,0.00
105.03342,0.053,-0.180,0.00
105.04415,0.050,-0.178,0.00
105.05431,0.050,-0.178,0.00
105.06447,0.050,-0.178,0.00
105.07483,0.046,-0.174,0.00
105.08616,0.046,-0.174,0.00
105.09632,0.043,-0.166,0.00
105.10648,0.037,-0.161,0.00
105.11664,0.037,-0.161,0.00
105.12680,0.024,-0.153,0.00
105.13696,0.024,-0.153,0.00
105.14713,0.013,-0.145,0.00
105.15741,0.013,-0.145,0.00
105.16802,0.006,-0.135,0.00
105.17824,0.006,-0.135,0.00
105.18840,-0.000,-0.135,0.00
105.19855,-0.000,-0.123,0.00
105.20871,-0.005,-0.108,0.00
105.21889,-0.005,-0.108,0.00
105.22908,-0.014,-0.095,0.00
105.24058,-0.026,-0.095,0.00
105.25086,-0.026,-0.082,0.00
105.26134,-0.031,-0.082,0.00
105.27182,-0.031,-0.069,0.00
105.28218,-0.032,-0.055,0.00
105.29236,-0.032,-0.055,0.00
105.30252,-0.032,-0.045,0.00
105.31302,-0.023,-0.045,0.00
105.32335,-0.023,-0.045,0.00
105.33379,-0.023,-0.045,0.00
105.34449,0.033,-0.038,0.00
105.35469,0.033,-0.038,0.00
105.36589,0.033,-0.027,0.00
105.37607,0.082,-0.027,0.00
105.38623,0.149,-0.022,0.00
105.39666,0.149,-0.022,0.00
105.40683,0.254,-0.020,0.00
105.41742,0.254,-0.020,0.00
105.42758,0.393,-0.018,0.00
105.43828,0.393,-0.018,0.00
105.44880,0.566,-0.012,0.00
105.45904,0.566,-0.012,0.00
105.46916,0.823,-0.006,0.00
105.47932,0.823,-0.006,0.00
105.48949,1.241,-0.004,0.00
105.49970,1.241,-0.004,0.00
105.50986,1.722,-0.004,0.00
105.52001,1.722,-0.004,0.00
105.53016,2.214,-0.007,0.00
105.54054,2.214,-0.007,0.00
105.55069,2.732,-0.014,0.00
105.56085,3.243,-0.017,0.00
105.57120,3.243,-0.017,0.00
105.58137,3.243,-0.019,0.00
105.59154,3.751,-0.019,0.00
105.60182,3.751,-0.017,0.00
105.61345,4.379,-0.017,0.00
105.62361,5.033,-0.022,0.00
105.63376,5.033,-0.022,0.00
105.64393,5.843,-0.031,0.00
105.65409,5.843,-0.031,0.00
105.66430,6.724,-0.039,0.00
105.67441,6.724,-0.039,0.00
105.68457,7.623,-0.048,0.00
105.69473,7.623,-0.048,0.00
105.70491,8.634,-0.048,0.00
105.71518,8.634,-0.059,0.00
105.72767,9.701,-0.059,0.00
105.73783,9.701,-0.085,0.00
105.75668,10.754,-0.085,0.00
105.76768,11.851,-0.100,0.00
105.77825,11.851,-0.100,0.00
105.78878,13.041,-0.121,10.00
105.80088,13.041,-0.121,10.00
105.81114,14.276,-0.140,10.00
105.82150,15.548,-0.158,10.00
105.83167,15.548,-0.158,10.00
105.84257,15.548,-0.158,10.00
105.85271,16.851,-0.173,10.00
105.86287,16.851,-0.173,10.00
105.87308,18.201,-0.182,10.00
105.88550,19.576,-0.182,10.00
105.89567,19.576,-0.183,10.00
105.90624,20.958,-0.183,10.00
105.93424,22.350,-0.193,10.00
105.94445,23.728,-0.197,10.00
105.96479,23.728,-0.197,10.00
105.97533,25.084,-0.197,10.00
105.99663,26.432,-0.193,10.00
106.00809,26.432,-0.193,10.00
106.01819,27.738,-0.153,10.00
106.02928,27.738,-0.006,10.00
106.03962,29.014,0.150,10.00
106.04982,30.242,0.150,10.00
106.06228,30.242,0.150,10.00
106.07246,31.388,0.297,10.00
106.08262,31.388,0.297,10.00
106.09277,32.433,0.475,10.00
106.10297,33.401,0.677,10.00
106.11348,33.401,0.677,10.00
106.12530,34.298,0.885,10.50
106.13548,34.298,0.885,10.50
106.14826,35.095,1.074,10.50
106.15951,35.769,1.074,10.50
106.16976,35.769,1.279,10.50
106.17996,35.769,1.279,10.50
106.20519,36.793,1.476,10.50
106.21621,36.793,1.675,10.50
106.23622,37.139,1.675,10.50
106.24638,37.139,2.094,10.50
106.26840,37.374,2.300,10.50
106.27884,37.526,2.300,10.50
106.29990,37.581,2.511,10.50
106.31022,37.540,2.710,10.50
106.32193,37.540,2.900,10.50
106.33233,37.409,2.900,11.00
106.34252,37.207,2.900,11.00
106.35268,37.207,3.053,11.00
106.36417,37.207,3.053,11.00
106.37638,36.956,3.161,11.00
106.38668,36.669,3.256,11.00
106.39700,36.669,3.256,11.00
106.40724,36.344,3.335,11.00
106.41828,36.344,3.335,11.00
106.42849,35.968,3.409,11.00
106.43864,35.548,3.409,11.00
106.44881,35.548,3.484,11.00
106.47838,35.548,3.544,11.50
106.48852,34.647,3.609,11.50
106.51102,34.125,3.651,11.50
106.52119,34.125,3.651,11.50
106.53989,33.514,3.687,11.50
106.55008,32.825,3.707,11.50
106.57232,32.094,3.707,12.00
106.58249,32.094,3.711,12.00
106.59264,31.330,3.711,12.00
106.60581,31.330,3.711,12.00
106.61599,30.500,3.694,12.00
106.62665,29.566,3.675,12.00
106.63888,29.566,3.652,12.00
106.64904,28.580,3.652,12.00
106.65953,28.580,3.652,12.00
106.66971,27.582,3.619,12.00
106.67992,27.582,3.619,12.00
106.69187,26.530,3.583,12.00
106.70207,25.394,3.547,12.50
106.71223,25.394,3.547,12.50
106.72239,25.394,3.547,12.50
106.75138,22.914,3.547,12.50
106.76165,22.914,3.499,12.50
106.78381,21.588,3.485,12.50
106.79401,20.195,3.491,12.50
106.81198,20.195,3.491,13.00
106.82236,18.818,3.508,13.00
106.84482,17.545,3.578,13.00
106.85521,16.297,3.664,13.00
106.87585,15.025,3.664,13.00
106.88613,13.721,3.936,13.00
106.89629,13.721,3.936,13.00
106.90887,12.424,3.936,13.50
106.91928,12.424,4.083,13.50
106.92980,11.184,4.083,13.50
106.94107,11.184,4.234,13.50
106.95125,10.013,4.383,13.50
106.96142,8.847,4.383,13.50
106.97563,8.847,4.563,13.50
106.98579,7.656,4.738,13.50
106.99595,7.656,4.738,13.50
107.00610,6.507,4.938,14.00
107.01627,6.507,4.938,14.00
107.02651,5.489,5.190,14.00
107.05216,5.489,5.190,14.00
107.06233,4.554,5.472,14.00
107.08481,3.018,6.083,14.00
107.09500,3.018,6.083,14.00
107.11601,2.324,6.403,14.00
107.12619,1.630,6.803,14.00
107.14803,1.630,6.803,14.50
107.15833,0.980,7.207,14.50
107.16849,0.562,7.647,14.50
107.18075,0.194,8.096,14.50
107.19090,0.194,8.096,14.50
107.20128,0.194,8.096,14.50
107.21286,-0.026,8.587,14.50
107.22320,-0.138,8.587,14.50
107.23380,-0.138,9.099,14.50
107.24421,-0.138,9.624,14.50
107.25449,-0.183,9.624,14.50
107.26484,-0.183,9.624,14.50
107.27720,-0.210,10.145,14.50
107.28750,-0.222,10.738,14.50
107.29802,-0.222,10.738,14.50
107.30854,-0.216,11.236,14.50
107.31874,-0.216,11.236,14.50
107.32889,-0.213,11.733,14.50
107.35584,-0.213,11.733,15.00
107.36602,-0.167,12.938,15.00
107.38827,-0.167,12.938,15.00
107.39847,-0.123,13.650,15.00
107.42067,0.041,14.458,15.00
107.43104,0.041,15.272,15.00
107.45287,0.189,16.106,15.00
107.46304,0.387,17.027,15.00
107.47333,0.387,17.027,15.00
107.48503,0.602,17.794,15.00
107.49573,0.602,17.794,15.00
107.50702,0.792,18.528,15.00
107.51796,0.792,18.528,15.00
107.52814,0.984,19.169,15.00
107.53856,0.984,19.169,15.00
107.54882,1.157,19.741,15.00
107.56016,1.157,19.741,15.00
107.57030,1.345,20.218,15.00
107.58060,1.345,20.218,15.00
107.59076,1.561,20.603,15.00
107.60128,1.561,20.911,15.00
107.63127,1.764,20.911,15.00
107.64144,1.938,21.227,15.00
107.66338,2.120,21.512,15.00
107.67353,2.120,21.805,15.00
107.69219,2.120,22.128,15.00
107.70238,2.205,22.128,15.00
107.71253,2.205,22.466,15.00
107.72498,2.209,22.466,15.00
107.73516,2.209,22.815,15.00
107.74532,2.209,22.815,15.00
107.75656,2.157,23.213,15.00
107.76706,2.094,23.644,15.00
107.77899,2.094,23.644,15.00
107.78918,1.996,24.143,15.00
107.79937,1.894,24.143,15.00
107.80953,1.894,24.559,15.00
107.83657,1.772,24.978,15.00
107.84845,1.680,25.400,15.00
107.87096,1.590,25.400,15.00
107.88114,1.590,25.763,15.00
107.89987,1.520,26.128,15.00
107.91005,1.487,26.437,15.00
107.93316,1.487,26.699,15.00
107.94342,1.459,26.917,15.00
107.96599,1.459,27.082,15.00
107.97618,1.459,27.082,15.00
107.98654,1.466,27.244,15.00
107.99674,1.466,27.244,15.00
108.00818,1.478,27.413,15.00
108.01894,1.478,27.413,15.00
108.02925,1.502,27.588,15.00
108.03941,1.531,27.776,15.00
108.04972,1.531,27.776,15.00
108.06002,1.531,27.776,15.00
108.07018,1.578,27.958,15.00
108.08038,1.578,28.120,15.00
108.09217,1.634,28.120,15.00
108.10238,1.634,28.285,15.00
108.11254,1.685,28.285,15.00
108.12270,1.685,28.285,15.00
108.14071,1.766,28.547,15.00
108.15253,1.766,28.547,15.00
108.17225,1.766,28.681,15.00
108.18239,1.815,28.681,15.00
108.19258,1.815,28.837,0.00
108.20285,1.833,28.979,0.00
108.21316,1.833,28.979,0.00
108.22332,1.843,28.979,0.00
108.23348,1.843,29.145,0.00
108.24365,1.843,29.313,0.00
108.25385,1.837,29.313,0.00
108.26408,1.810,29.506,0.00
108.27425,1.810,29.506,0.00
108.28459,1.760,29.642,0.00
108.29489,1.760,29.642,0.00
108.30517,1.760,29.642,0.00
108.31579,1.674,29.706,0.00
108.32608,1.546,29.760,0.00
108.33656,1.546,29.760,0.00
108.34691,1.384,29.782,0.00
108.35739,1.384,29.782,0.00
108.36726,1.224,29.812,0.00
108.37769,1.224,29.859,0.00
108.38785,1.091,29.859,0.00
108.39802,1.091,29.859,0.00
108.40817,0.989,29.924,0.00
108.41834,0.917,29.924,0.00
108.42864,0.917,30.007,0.00
108.43900,0.862,30.007,0.00
108.44933,0.862,30.051,0.00
108.45970,0.862,30.051,0.00
108.46986,0.821,30.022,0.00
108.48003,0.821,30.022,0.00
108.49019,0.776,29.904,0.00
108.50035,0.720,29.650,0.00
108.51051,0.720,29.650,0.00
108.52152,0.720,29.222,0.00
108.53167,0.658,29.222,0.00
108.54183,0.658,28.678,0.00
108.55197,0.619,28.678,0.00
108.56212,0.593,28.132,0.00
108.57228,0.593,28.132,0.00
108.58250,0.569,27.518,0.00
108.59282,0.569,27.518,0.00
108.60297,0.571,26.991,0.00
108.61313,0.571,26.991,0.00
108.62335,0.604,26.521,0.00
108.63366,0.604,26.521,0.00
108.64381,0.604,26.112,0.00
108.65396,0.647,26.112,0.00
108.66412,0.647,26.112,0.00
108.67427,0.675,25.797,0.00
108.68444,0.685,25.522,0.00
108.69474,0.685,25.522,0.00
108.70496,0.685,25.264,0.00
108.71581,0.679,25.264,0.00
108.72610,0.664,24.996,0.00
108.73627,0.664,24.996,0.00
108.74645,0.650,24.649,0.00
108.75666,0.650,24.649,0.00
108.76737,0.640,24.277,0.00
108.77753,0.640,24.277,0.00
108.78769,0.632,23.877,0.00
108.79784,0.632,23.877,0.00
108.80800,0.621,23.476,0.00
108.81817,0.621,23.476,0.00
108.82832,0.611,23.094,0.00
108.83909,0.611,23.094,0.00
108.84925,0.589,22.707,0.00
108.86009,0.589,22.707,0.00
108.87025,0.551,22.310,0.00
108.88059,0.551,22.310,0.00
108.89075,0.502,21.887,0.00
108.90092,0.502,21.887,0.00
108.91108,0.464,21.410,0.00
108.92125,0.383,20.993,0.00
108.93159,0.383,20.993,0.00
108.94211,0.383,20.993,0.00
108.95250,0.306,20.577,0.00
108.96382,0.249,20.153,0.00
108.97400,0.249,20.153,0.00
108.98434,0.228,19.705,0.00
108.99450,0.228,19.705,0.00
109.00467,0.228,19.705,0.00
109.01484,0.168,19.242,0.00
109.02501,0.125,18.731,0.00
109.03517,0.125,18.731,0.00
109.04533,0.072,18.198,0.00
109.05562,0.072,18.198,0.00
109.06594,0.014,17.550,0.00
109.07625,0.014,17.550,0.00
109.08657,-0.044,16.031,0.00
109.09689,-0.044,16.031,0.00
109.10720,-0.084,15.232,0.00
109.11736,-0.084,15.232,0.00
109.12760,-0.112,14.412,0.00
109.13775,-0.112,14.412,0.00
109.14790,-0.125,13.553,0.00
109.15806,-0.125,13.553,0.00
109.16821,-0.127,12.611,0.00
109.17837,-0.127,12.611,0.00
109.18853,-0.125,11.651,0.00
109.19868,-0.125,10.530,0.00
109.20885,-0.106,10.530,0.00
109.21902,-0.106,10.530,0.00
109.22918,-0.096,9.116,0.00
109.23934,-0.096,9.116,0.00
109.24950,-0.083,7.726,0.00
109.25971,-0.083,7.726,0.00
109.27003,-0.070,6.316,0.00
109.28031,-0.070,6.316,0.00
109.29048,-0.057,4.927,0.00
109.30064,-0.057,4.927,0.00
109.31084,-0.046,3.559,0.00
109.32101,-0.033,3.559,0.00
109.33116,-0.033,2.260,0.00
109.34170,-0.010,1.088,0.00
109.35186,-0.010,1.088,0.00
109.36214,-0.010,1.088,0.00
109.37253,0.019,0.084,0.00
109.38285,0.019,0.084,0.00
109.39321,0.065,-0.887,0.00
109.40365,0.115,-1.569,0.00
109.41395,0.115,-1.569,0.00
109.42413,0.157,-2.138,0.00
109.43445,0.157,-2.138,0.00
109.44566,0.186,-2.513,0.00
109.45575,0.186,-2.513,0.00
109.46703,0.207,-2.839,0.00
109.47722,0.207,-2.839,0.00
109.48738,0.216,-2.839,0.00
109.49753,0.216,-3.063,0.00
109.50768,0.218,-3.247,0.00
109.51795,0.218,-3.247,0.00
109.52830,0.220,-3.247,0.00
109.53875,0.214,-3.371,0.00
109.54892,0.214,-3.410,0.00
109.55908,0.214,-3.410,0.00
109.56924,0.202,-3.413,0.00
109.57940,0.202,-3.413,0.00
109.58966,0.181,-3.355,0.00
109.60013,0.181,-3.355,0.00
109.61030,0.148,-3.264,0.00
109.62045,0.148,-3.264,0.00
109.63061,0.108,-3.127,0.00
109.64076,0.108,-3.127,0.00
109.65098,0.066,-3.002,0.00
109.66115,0.031,-2.867,0.00
109.67131,0.031,-2.867,0.00
109.68146,-0.005,-2.761,0.00
109.69170,-0.005,-2.761,0.00
109.71426,-0.005,-2.679,0.00
109.72479,-0.043,-2.612,0.00
109.73558,-0.085,-2.612,0.00
109.74737,-0.127,-2.612,0.00
109.75844,-0.127,-2.612,0.00
109.77423,-0.168,-2.436,0.00
109.79013,-0.200,-2.328,0.00
109.80134,-0.224,-2.213,0.00
109.81549,-0.224,-2.213,0.00
109.83232,-0.238,-2.092,0.00
109.84251,-0.238,-2.092,0.00
109.85396,-0.242,-1.977,0.00
109.86551,-0.241,-1.849,0.00
109.87623,-0.241,-1.849,0.00
109.88872,-0.241,-1.738,0.00
109.90513,-0.231,-1.738,0.00
109.92118,-0.231,-1.648,0.00
109.93249,-0.193,-1.648,0.00
109.94346,-0.170,-1.578,0.00
109.96123,-0.170,-1.467,0.00
109.97241,-0.146,-1.467,0.00
109.98320,-0.121,-1.415,0.00
110.00031,-0.092,-1.415,0.00
110.01180,-0.092,-1.375,0.00
110.02797,-0.063,-1.341,0.00
110.03813,-0.063,-1.341,0.00
110.05558,-0.063,-1.320,0.00
110.07155,-0.012,-1.308,0.00
110.08179,-0.012,-1.308,0.00
110.10132,0.006,-1.280,0.00
110.11159,0.015,-1.280,0.00
110.12494,0.014,-1.280,0.00
110.14192,0.014,-1.262,0.00
110.16007,0.006,-1.262,0.00
110.17600,0.006,-1.245,0.00
110.18770,-0.003,-1.230,0.00
110.19792,-0.003,-1.230,0.00
110.22089,-0.032,-1.230,0.00
110.24627,-0.050,-1.248,0.00
110.25657,-0.050,-1.248,0.00
110.27953,-0.076,-1.267,0.00
110.28984,-0.076,-1.296,0.00
110.30183,-0.109,-1.326,0.00
110.31828,-0.141,-1.326,0.00
110.33680,-0.169,-1.354,0.00
110.35130,-0.195,-1.354,0.00
110.37004,-0.218,-1.416,0.00
110.38108,-0.218,-1.416,0.00
110.39689,-0.237,-1.441,0.00
110.40781,-0.237,-1.441,0.00
110.42927,-0.253,-1.462,0.00
110.45678,-0.277,-1.485,0.00
110.47431,-0.282,-1.529,0.00
110.50718,-0.280,-1.546,0.00
110.52443,-0.213,-1.597,0.00
110.54649,-0.213,-1.614,0.00
110.56997,-0.176,-1.631,0.00
110.58062,-0.176,-1.631,0.00
110.59435,-0.176,-1.640,0.00
110.61152,-0.144,-1.644,0.00
110.62176,-0.144,-1.644,0.00
110.65156,-0.125,-1.637,0.00
110.66755,-0.125,-1.629,0.00
110.68528,-0.090,-1.629,0.00
110.74245,-0.087,-1.589,0.00
110.80112,-0.090,-1.569,0.00
110.81166,0.056,-1.506,0.00
110.82201,0.057,-0.021,0.00
110.83229,0.057,0.002,0.00
110.84245,0.056,0.002,0.00
110.85261,0.056,0.033,0.00
110.86278,0.056,0.033,0.00
110.87293,0.056,0.063,0.00
110.88310,0.056,0.063,0.00
110.89323,0.055,0.094,0.00
110.90343,0.051,0.123,0.00
110.91369,0.051,0.123,0.00
110.92397,0.051,0.150,0.00
110.93413,0.043,0.150,0.00
110.94430,0.023,0.172,0.00
110.95447,0.023,0.172,0.00
110.96515,0.010,0.193,0.00
110.97532,0.010,0.193,0.00
110.98586,0.002,0.214,0.00
110.99601,0.002,0.214,0.00
111.00700,0.000,0.240,0.00
111.01737,0.000,0.240,0.00
111.02755,-0.001,0.260,0.00
111.03828,-0.001,0.260,0.00
111.04866,-0.003,0.282,0.00
111.05903,-0.003,0.282,0.00
111.06929,-0.007,0.302,0.00
111.08025,-0.007,0.302,0.00
111.09045,-0.014,0.320,0.00
111.10068,-0.014,0.320,0.00
111.11094,-0.021,0.333,0.00
111.12112,-0.025,0.333,0.00
111.13128,-0.025,0.348,0.00
111.14165,-0.029,0.348,0.00
111.15188,-0.029,0.365,0.00
111.16235,-0.029,0.365,0.00
111.17272,-0.029,0.376,0.00
111.18308,-0.033,0.388,0.00
111.19344,-0.033,0.388,0.00
111.20368,-0.033,0.398,0.00
111.21383,-0.034,0.398,0.00
111.22398,-0.034,0.409,0.00
111.23421,-0.032,0.409,0.00
111.24435,-0.030,0.422,0.00
111.25447,-0.030,0.422,0.00
111.26479,-0.031,0.436,0.00
111.27530,-0.031,0.436,0.00
111.28576,-0.032,0.447,0.00
111.29639,-0.032,0.447,0.00
111.30654,-0.034,0.456,0.00
111.31668,-0.034,0.456,0.00
111.32712,-0.037,0.462,0.00
111.33792,-0.037,0.462,0.00
111.34812,-0.037,0.470,0.00
111.35840,-0.041,0.477,0.00
111.36879,-0.042,0.477,0.00
111.37917,-0.042,0.482,0.00
111.38934,-0.041,0.482,0.00
111.39950,-0.041,0.482,0.00
111.40976,-0.040,0.485,0.00
111.41994,-0.040,0.485,0.00
111.43010,-0.038,0.495,0.00
111.44026,-0.038,0.495,0.00
111.45042,-0.036,0.501,0.00
111.46058,-0.036,0.501,0.00
111.47076,-0.034,0.505,0.00
111.48149,-0.031,0.511,0.00
111.49250,-0.031,0.511,0.00
111.50288,-0.031,0.511,0.00
111.51316,-0.026,0.514,0.00
111.52335,-0.020,0.520,0.00
111.53351,-0.020,0.520,0.00
111.54367,-0.010,0.520,0.00
111.55383,-0.010,0.525,0.00
111.56483,-0.002,0.532,0.00
111.57502,-0.002,0.532,0.00
111.58517,0.001,0.539,0.00
111.59544,0.001,0.539,0.00
111.60575,0.005,0.546,0.00
111.61630,0.005,0.546,0.00
111.62646,0.009,0.553,0.00
111.63657,0.009,0.553,0.00
111.64674,0.009,0.564,0.00
111.65695,0.020,0.564,0.00
111.66711,0.037,0.572,0.00
111.67767,0.037,0.572,0.00
111.68783,0.053,0.580,0.00
111.69805,0.053,0.580,0.00
111.70819,0.073,0.591,0.00
111.71834,0.073,0.591,0.00
111.72850,0.092,0.594,0.00
111.73897,0.092,0.594,0.00
111.74936,0.111,0.599,0.00
111.75999,0.111,0.599,0.00
111.77014,0.127,0.606,0.00
111.78032,0.143,0.606,0.00
111.79048,0.143,0.620,0.00
111.80063,0.143,0.620,0.00
111.81078,0.158,0.642,0.00
111.82094,0.173,0.653,0.00
111.83108,0.173,0.653,0.00
111.84124,0.173,0.653,0.00
111.85139,0.184,0.667,0.00
111.86155,0.184,0.667,0.00
111.87177,0.195,0.683,0.00
111.88208,0.195,0.702,0.00
111.89224,0.209,0.702,0.00
111.90241,0.209,0.702,0.00
111.91257,0.222,0.725,0.00
111.92272,0.234,0.749,0.00
111.93288,0.234,0.749,0.00
111.94303,0.242,0.774,0.00
111.95513,0.242,0.774,0.00
111.96545,0.249,0.798,0.00
111.97630,0.249,0.798,0.00
111.98654,0.254,0.818,0.00
111.99670,0.254,0.818,0.00
112.00686,0.262,0.840,0.00
112.01709,0.262,0.840,0.00
112.02734,0.271,0.862,0.00
112.03749,0.271,0.862,0.00
112.04764,0.281,0.884,0.00
112.05808,0.281,0.884,0.00
112.06841,0.291,0.910,0.00
112.07856,0.301,0.910,0.00
112.08872,0.301,0.931,0.00
112.09893,0.311,0.931,0.00
112.10932,0.311,0.952,0.00
112.12092,0.311,0.952,0.00
112.13108,0.323,0.974,0.00
112.14136,0.323,0.974,0.00
112.15152,0.334,0.995,0.00
112.16168,0.334,0.995,0.00
112.17184,0.347,1.016,0.00
112.18200,0.362,1.037,0.00
112.19217,0.362,1.037,0.00
112.20233,0.375,1.059,0.00
112.21248,0.375,1.059,0.00
112.22275,0.380,1.079,0.00
112.23301,0.380,1.079,0.00
112.24316,0.377,1.096,0.00
112.25332,0.377,1.096,0.00
112.26357,0.370,1.112,0.00
112.27381,0.370,1.112,0.00
112.28398,0.368,1.129,0.00
112.29433,0.368,1.129,0.00
112.30525,0.368,1.141,0.00
112.31617,0.368,1.141,0.00
112.32639,0.366,1.154,0.00
112.33664,0.366,1.154,0.00
112.34679,0.363,1.164,0.00
112.35698,0.363,1.164,0.00
112.36719,0.367,1.175,0.00
112.37735,0.367,1.175,0.00
112.38749,0.375,1.187,0.00
112.39780,0.375,1.187,0.00
112.40794,0.375,1.187,0.00
112.41825,0.396,1.191,0.00
112.42839,0.429,1.198,0.00
112.43859,0.479,1.204,0.00
112.44874,0.479,1.204,0.00
112.45891,0.479,1.204,0.00
112.46925,0.589,1.204,0.00
112.47941,0.589,1.204,0.00
112.48966,0.729,1.200,0.00
112.49981,1.039,1.200,0.00
112.51011,1.039,1.189,0.00
112.52050,1.461,1.189,0.00
112.53062,1.461,1.179,0.00
112.54077,1.461,1.171,0.00
112.55094,1.892,1.171,0.00
112.56110,1.892,1.168,0.00
112.57143,2.433,1.168,0.00
112.58191,2.433,1.168,0.00
112.59207,2.433,1.168,0.00
112.60226,2.433,1.168,0.00
112.61244,3.559,1.167,0.00
112.62260,4.103,1.172,0.00
112.63276,4.103,1.172,0.00
112.64313,4.691,1.178,0.00
112.65345,4.691,1.178,0.00
112.66372,5.283,1.175,0.00
112.67420,5.283,1.175,0.00
112.68450,5.919,1.184,0.00
112.69466,5.919,1.184,0.00
112.70543,6.581,1.190,0.00
112.71548,6.581,1.190,0.00
112.72572,6.581,1.190,0.00
112.73598,7.277,1.189,0.00
112.74615,8.031,1.172,0.00
112.75643,8.031,1.172,0.00
112.76665,8.828,1.172,0.00
112.77684,8.828,1.148,0.00
112.78716,9.695,1.121,0.00
112.79768,9.695,1.121,0.00
112.80783,10.631,1.104,0.00
112.82777,10.631,1.104,0.00
112.83798,11.620,1.088,0.00
112.86021,12.669,1.083,10.00
112.87038,13.793,1.082,10.00
112.89291,14.965,1.079,10.00
112.90309,16.134,1.071,10.00
112.92494,16.134,1.071,10.00
112.93510,17.295,1.053,10.00
112.94537,18.307,1.053,10.00
112.95665,18.307,1.031,10.00
112.96686,19.429,1.011,10.00
112.97707,19.429,1.011,10.00
112.98993,20.508,0.994,10.00
113.00011,21.560,0.994,10.00
113.01029,21.560,0.987,10.00
113.02055,21.560,0.987,10.00
113.03072,22.589,0.993,10.00
113.04134,22.589,1.015,10.00
113.05245,23.546,1.015,10.00
113.06313,23.546,1.015,10.00
113.07329,24.412,1.133,10.00
113.09988,24.412,1.133,10.00
113.11006,25.953,1.487,10.00
113.13283,26.614,1.685,10.00
113.14314,26.614,1.685,10.00
113.16461,26.614,2.063,10.00
113.17490,27.663,2.063,10.00
113.19650,28.034,2.261,10.50
113.20725,28.278,2.442,10.50
113.21743,28.401,2.624,10.50
113.22871,28.401,2.624,10.50
113.23887,28.401,2.624,10.50
113.24903,28.400,2.624,10.50
113.26065,28.266,2.968,10.50
113.27081,28.266,2.968,10.50
113.28098,28.266,2.968,10.50
113.29227,28.022,3.119,10.50
113.30248,27.681,3.119,10.50
113.31282,27.681,3.261,10.50
113.32483,27.250,3.405,10.50
113.33509,27.250,3.405,10.50
113.34525,26.752,3.545,10.50
113.35610,26.752,3.545,10.50
113.36633,26.207,3.688,10.50
113.37639,26.207,3.688,10.50
113.38656,25.618,3.804,10.50
113.40537,25.618,3.915,11.00
113.41625,25.000,3.915,11.00
113.43607,25.000,4.017,11.00
113.44636,23.660,4.097,11.00
113.46881,22.938,4.175,11.00
113.47909,22.201,4.256,11.00
113.50028,21.449,4.256,11.00
113.51045,21.449,4.328,11.00
113.52062,21.449,4.328,11.00
113.53420,21.449,4.328,11.50
113.54438,20.676,4.407,11.50
113.55455,19.889,4.469,11.50
113.56512,19.093,4.521,11.50
113.57527,19.093,4.521,11.50
113.58654,18.302,4.554,11.50
113.59671,18.302,4.554,11.50
113.60687,17.549,4.556,11.50
113.61704,17.549,4.556,11.50
113.64463,16.821,4.534,12.00
113.65477,16.821,4.534,12.00
113.67646,15.371,4.457,12.00
113.68665,14.678,4.421,12.00
113.70811,14.678,4.390,12.00
113.71838,14.047,4.390,12.00
113.72855,13.443,4.376,12.00
113.74043,13.443,4.371,12.50
113.75056,12.839,4.371,12.50
113.76071,12.839,4.371,12.50
113.77251,12.215,4.390,12.50
113.78266,11.596,4.427,12.50
113.79287,11.596,4.427,12.50
113.80492,11.017,4.488,12.50
113.81534,11.017,4.488,12.50
113.82573,10.490,4.566,12.50
113.83628,10.490,4.566,13.00
113.84644,9.983,4.668,13.00
113.85661,9.983,4.668,13.00
113.88466,9.007,4.954,13.00
113.89483,9.007,4.954,13.00
113.91787,8.595,5.128,13.00
113.92840,8.242,5.334,13.00
113.94886,7.930,5.550,13.00
113.95902,7.930,5.550,13.00
113.98430,7.350,6.087,13.50
113.99479,7.350,6.087,13.50
114.01270,7.097,6.419,13.50
114.02286,7.097,6.780,13.50
114.03330,6.860,6.780,13.50
114.04504,6.574,7.167,13.50
114.05537,6.574,7.167,13.50
114.06592,6.298,7.611,13.50
114.07670,6.298,7.611,14.00
114.08687,6.298,7.611,14.00
114.09704,6.035,8.142,14.00
114.10829,6.035,8.658,14.00
114.11860,5.709,9.202,14.00
114.12898,5.390,9.202,14.00
114.14068,5.390,9.202,14.00
114.15101,5.390,9.202,14.00
114.16121,5.390,9.202,14.00
114.18797,4.724,9.755,14.00
114.19816,4.366,10.914,14.00
114.22203,4.068,11.583,14.50
114.23217,3.802,12.307,14.50
114.25282,3.588,13.171,14.50
114.26297,3.588,13.171,14.50
114.28474,3.356,13.995,14.50
114.29553,3.102,14.851,14.50
114.30696,2.833,15.743,14.50
114.31714,2.833,15.743,14.50
114.32746,2.593,16.613,14.50
114.33775,2.593,16.613,14.50
114.34791,2.593,17.489,14.50
114.35809,2.413,17.489,14.50
114.36826,2.291,18.305,14.50
114.38130,2.291,18.305,14.50
114.39166,2.208,19.161,14.50
114.40183,2.208,19.161,14.50
114.42853,2.110,20.611,15.00
114.43909,2.110,21.102,15.00
114.46087,2.085,21.102,15.00
114.47104,2.075,21.549,15.00
114.49239,2.075,21.913,15.00
114.50268,2.112,22.281,15.00
114.51304,2.112,22.281,15.00
114.52409,2.112,22.281,15.00
114.53428,2.134,22.668,15.00
114.54479,2.134,23.074,15.00
114.55693,2.169,23.074,15.00
114.56739,2.205,23.536,15.00
114.57789,2.205,23.536,15.00
114.58845,2.254,23.948,15.00
114.59904,2.254,23.948,15.00
114.60944,2.328,24.348,15.00
114.63618,2.328,24.348,15.00
114.64672,2.512,25.125,15.00
114.66968,2.618,25.516,15.00
114.67992,2.618,25.516,15.00
114.69980,2.734,25.884,15.00
114.71005,2.848,26.238,15.00
114.72024,2.848,26.238,15.00
114.73191,2.954,26.633,15.00
114.74232,2.954,26.633,15.00
114.75277,3.040,27.026,15.00
114.76548,3.040,27.472,15.00
114.77732,3.119,27.472,15.00
114.78748,3.179,28.004,15.00
114.79772,3.179,28.004,15.00
114.80788,3.216,28.571,15.00
114.81834,3.216,28.571,15.00
114.82850,3.255,29.187,15.00
114.84045,3.262,29.187,15.00
114.85064,3.262,29.817,15.00
114.87573,3.262,29.817,15.00
114.88598,3.290,31.124,15.00
114.90935,3.310,31.639,15.00
114.91966,3.332,32.093,15.00
114.94006,3.313,32.093,15.00
114.95025,3.313,32.507,15.00
114.97221,3.313,32.862,15.00
114.98250,3.327,32.862,15.00
114.99266,3.333,33.201,15.00
115.00460,3.340,33.581,15.00
115.01499,3.340,33.581,15.00
115.02599,3.348,33.948,15.00
115.03694,3.348,33.948,15.00
115.04710,3.348,33.948,15.00
115.05730,3.339,34.375,15.00
115.06830,3.313,34.375,15.00
115.07849,3.342,34.729,15.00
115.08882,3.342,35.015,15.00
115.10025,3.342,35.015,15.00
115.11042,3.342,35.015,15.00
115.12075,3.342,35.015,15.00
115.14878,3.342,35.015,15.00
115.15896,3.385,35.694,15.00
115.18207,3.383,36.042,15.00
115.19378,3.383,36.042,15.00
115.21264,3.385,36.205,15.00
115.22281,3.385,36.205,15.00
115.24583,3.385,36.205,15.00
115.25656,3.398,36.454,15.00
115.26801,3.372,36.550,15.00
115.27943,3.372,36.550,0.00
115.28969,3.350,36.642,0.00
115.30022,3.389,36.642,0.00
115.31070,3.389,36.717,0.00
115.32086,3.389,36.717,0.00
115.33103,3.387,36.762,0.00
115.34200,3.387,36.762,0.00
115.35214,3.331,36.792,0.00
115.36231,3.310,36.792,0.00
115.37247,3.310,36.797,0.00
115.38283,3.219,36.812,0.00
115.39317,3.219,36.812,0.00
115.40369,3.086,36.833,0.00
115.41397,3.086,36.833,0.00
115.42414,3.086,36.833,0.00
115.43444,3.086,36.857,0.00
115.44573,2.758,36.885,0.00
115.45683,2.758,36.885,0.00
115.46718,2.601,36.895,0.00
115.47735,2.601,36.895,0.00
115.48751,2.477,36.898,0.00
115.49789,2.477,36.898,0.00
115.50838,2.376,36.876,0.00
115.51854,2.376,36.876,0.00
115.52881,2.376,36.876,0.00
115.53897,2.281,36.773,0.00
115.54914,2.195,36.602,0.00
115.55929,2.195,36.602,0.00
115.56954,2.099,36.299,0.00
115.58024,1.999,35.854,0.00
115.59043,1.999,35.854,0.00
115.60059,1.894,35.329,0.00
115.61081,1.894,35.329,0.00
115.62097,1.894,35.329,0.00
115.63112,1.894,35.329,0.00
115.64147,1.894,35.329,0.00
115.65190,1.721,34.198,0.00
115.66224,1.629,33.656,0.00
115.67240,1.629,33.656,0.00
115.68267,1.629,33.656,0.00
115.69306,1.566,33.114,0.00
115.70535,1.566,33.114,0.00
115.71569,1.561,32.511,0.00
115.72604,1.487,31.973,0.00
115.73638,1.487,31.973,0.00
115.74671,1.460,31.432,0.00
115.75827,1.460,31.432,0.00
115.76787,1.443,30.900,0.00
115.77824,1.443,30.900,0.00
115.78839,1.417,30.346,0.00
115.79854,1.417,30.346,0.00
115.80949,1.388,29.726,0.00
115.82066,1.388,29.726,0.00
115.83082,1.387,29.057,0.00
115.84098,1.387,29.057,0.00
115.85111,1.340,28.346,0.00
115.86127,1.300,28.346,0.00
115.87145,1.300,27.443,0.00
115.88167,1.269,26.693,0.00
115.89183,1.269,26.693,0.00
115.90198,1.239,25.961,0.00
115.91213,1.239,25.961,0.00
115.92228,1.286,25.237,0.00
115.93266,1.286,25.237,0.00
115.94307,1.286,25.237,0.00
115.95329,1.237,24.467,0.00
115.96355,1.197,23.677,0.00
115.97383,1.197,23.677,0.00
115.98403,1.197,23.677,0.00
115.99419,1.157,22.913,0.00
116.00434,1.095,22.176,0.00
116.01467,1.095,22.176,0.00
116.02479,1.063,21.433,0.00
116.03499,1.063,21.433,0.00
116.04580,1.063,21.433,0.00
116.05606,1.063,21.433,0.00
116.06623,1.063,21.433,0.00
116.07648,1.063,21.433,0.00
116.08688,1.063,20.829,0.00
116.09714,0.937,20.257,0.00
116.10759,0.800,19.163,0.00
116.11774,0.800,19.163,0.00
116.12790,0.757,19.163,0.00
116.13812,0.757,18.629,0.00
116.14828,0.757,18.132,0.00
116.15844,0.635,18.132,0.00
116.16860,0.548,17.578,0.00
116.17879,0.548,17.578,0.00
116.18900,0.525,16.895,0.00
116.19920,0.525,16.895,0.00
116.20936,0.516,16.166,0.00
116.21956,0.516,16.166,0.00
116.22975,0.459,15.238,0.00
116.23991,0.459,15.238,0.00
116.25091,0.443,14.172,0.00
116.26112,0.443,14.172,0.00
116.27127,0.425,12.960,0.00
116.28143,0.425,12.960,0.00
116.29159,0.410,11.647,0.00
116.30175,0.410,10.272,0.00
116.31191,0.401,10.272,0.00
116.32218,0.401,10.272,0.00
116.33248,0.407,8.852,0.00
116.34263,0.407,8.852,0.00
116.35431,0.407,8.852,0.00
116.36460,0.429,6.076,0.00
116.37477,0.429,6.076,0.00
116.38493,0.458,4.885,0.00
116.39508,0.458,4.885,0.00
116.40537,0.491,3.807,0.00
116.41553,0.491,3.807,0.00
116.42586,0.491,3.807,0.00
116.43602,0.525,2.849,0.00
116.44627,0.582,1.988,0.00
116.45670,0.582,1.988,0.00
116.46685,0.653,1.300,0.00
116.47701,0.653,1.300,0.00
116.48717,0.715,0.793,0.00
116.49744,0.715,0.793,0.00
116.50770,0.766,0.410,0.00
116.51794,0.766,0.410,0.00
116.52824,0.801,0.127,0.00
116.53849,0.801,0.127,0.00
116.54874,0.819,-0.115,0.00
116.55888,0.819,-0.115,0.00
116.56904,0.821,-0.311,0.00
116.57920,0.821,-0.311,0.00
116.58977,0.810,-0.532,0.00
116.59996,0.810,-0.532,0.00
116.61015,0.790,-0.700,0.00
116.62029,0.790,-0.700,0.00
116.63045,0.762,-0.819,0.00
116.64061,0.762,-0.819,0.00
116.65076,0.728,-0.901,0.00
116.66105,0.728,-0.901,0.00
116.67125,0.689,-0.898,0.00
116.68153,0.646,-0.824,0.00
116.69190,0.646,-0.824,0.00
116.70228,0.607,-0.690,0.00
116.71245,0.607,-0.690,0.00
116.72261,0.607,-0.528,0.00
116.73277,0.554,-0.528,0.00
116.74313,0.497,-0.356,0.00
116.75370,0.497,-0.356,0.00
116.76411,0.497,-0.202,0.00
116.77428,0.434,-0.202,0.00
116.80714,0.365,-0.073,0.00
116.82304,0.226,0.043,0.00
116.83320,0.226,0.195,0.00
116.84905,0.168,0.334,0.00
116.85977,0.168,0.334,0.00
116.87078,0.124,0.511,0.00
116.88536,0.124,0.700,0.00
116.90185,0.069,0.700,0.00
116.91786,0.069,0.902,0.00
116.95354,0.047,1.259,0.00
116.97018,0.046,1.409,0.00
116.98168,0.046,1.409,0.00
116.99179,0.056,1.409,0.00
117.01051,0.075,1.640,0.00
117.02779,0.106,1.753,0.00
117.03932,0.148,1.862,0.00
117.05778,0.148,1.862,0.00
117.06861,0.148,1.862,0.00
117.08144,0.243,1.862,0.00
117.09550,0.243,1.974,0.00
117.10689,0.291,1.974,0.00
117.14429,0.332,1.968,0.00
117.16102,0.363,1.920,0.00
117.19277,0.384,1.920,0.00
117.20927,0.396,1.867,0.00
117.23037,0.389,1.851,0.00
117.24061,0.389,1.851,0.00
117.25351,0.377,1.852,0.00
117.26429,0.362,1.852,0.00
117.28574,0.362,1.852,0.00
117.29843,0.343,1.858,0.00
117.30914,0.343,1.858,0.00
117.31974,0.321,1.858,0.00
117.33122,0.290,1.903,0.00
117.34658,0.290,1.903,0.00
117.35732,0.290,1.903,0.00
117.38039,0.215,1.951,0.00
117.39691,0.174,1.963,0.00
117.41215,0.138,1.966,0.00
117.42242,0.138,1.966,0.00
117.43900,0.076,1.960,0.00
117.44993,0.076,1.943,0.00
117.46084,0.076,1.943,0.00
117.47772,0.046,1.917,0.00
117.49446,0.019,1.872,0.00
117.50638,0.019,1.872,0.00
117.51776,-0.001,1.872,0.00
117.53090,-0.012,1.788,0.00
117.55074,-0.018,1.788,0.00
117.56100,-0.018,1.749,0.00
117.59954,-0.023,1.676,0.00
117.61065,-0.026,1.676,0.00
117.62696,-0.030,1.608,0.00
117.63917,-0.030,1.608,0.00
117.65770,-0.032,1.567,0.00
117.66871,-0.035,1.567,0.00
117.67920,-0.035,1.567,0.00
117.69048,-0.035,1.567,0.00
117.70777,-0.031,1.439,0.00
117.71799,-0.031,1.439,0.00
117.73368,-0.022,1.393,0.00
117.74435,-0.022,1.393,0.00
117.75511,-0.012,1.393,0.00
117.76608,-0.002,1.393,0.00
117.77659,-0.002,1.393,0.00
117.85591,0.016,1.300,0.00
117.86609,0.016,1.262,0.00
117.92908,0.022,1.280,0.00
117.93927,0.022,1.280,0.00
117.94942,-0.077,-0.565,0.00
117.96063,-0.077,-0.565,0.00
117.97093,-0.073,-0.557,0.00
117.98122,-0.073,-0.557,0.00
117.99235,-0.073,-0.557,0.00
118.00249,-0.077,-0.532,0.00
118.01264,-0.077,-0.532,0.00
118.02280,-0.078,-0.515,0.00
118.03326,-0.078,-0.515,0.00
118.04349,-0.078,-0.499,0.00
118.05377,-0.076,-0.499,0.00
118.06411,-0.076,-0.491,0.00
118.07448,-0.068,-0.491,0.00
118.08475,-0.068,-0.491,0.00
118.09488,-0.059,-0.491,0.00
118.10505,-0.049,-0.494,0.00
118.11521,-0.049,-0.494,0.00
118.12544,-0.037,-0.502,0.00
118.13559,-0.037,-0.502,0.00
118.14574,-0.021,-0.508,0.00
118.15590,-0.021,-0.508,0.00
118.16635,0.005,-0.508,0.00
118.17668,0.005,-0.508,0.00
118.18683,0.041,-0.505,0.00
118.19709,0.041,-0.505,0.00
118.20727,0.076,-0.502,0.00
118.21800,0.076,-0.502,0.00
118.22861,0.110,-0.499,0.00
118.23913,0.110,-0.499,0.00
118.24929,0.135,-0.498,0.00
118.25945,0.135,-0.498,0.00
118.26976,0.150,-0.491,0.00
118.28017,0.150,-0.491,0.00
118.29039,0.157,-0.484,0.00
118.30070,0.162,-0.474,0.00
118.31086,0.162,-0.474,0.00
118.32102,0.162,-0.474,0.00
118.33118,0.170,-0.463,0.00
118.34134,0.170,-0.463,0.00
118.35152,0.177,-0.454,0.00
118.36169,0.177,-0.454,0.00
118.37187,0.175,-0.444,0.00
118.38204,0.175,-0.444,0.00
118.39224,0.176,-0.438,0.00
118.40241,0.176,-0.438,0.00
118.41257,0.180,-0.426,0.00
118.42272,0.181,-0.412,0.00
118.43289,0.181,-0.412,0.00
118.44304,0.183,-0.388,0.00
118.45323,0.183,-0.388,0.00
118.46339,0.187,-0.363,0.00
118.47374,0.187,-0.363,0.00
118.48493,0.190,-0.342,0.00
118.49535,0.190,-0.342,0.00
118.50553,0.187,-0.325,0.00
118.51578,0.187,-0.325,0.00
118.52595,0.182,-0.315,0.00
118.53618,0.182,-0.315,0.00
118.54651,0.176,-0.303,0.00
118.55680,0.176,-0.303,0.00
118.56709,0.171,-0.297,0.00
118.57736,0.171,-0.297,0.00
118.58817,0.170,-0.287,0.00
118.59833,0.170,-0.287,0.00
118.60863,0.170,-0.285,0.00
118.61872,0.172,-0.285,0.00
118.62888,0.175,-0.286,0.00
118.63911,0.175,-0.286,0.00
118.64940,0.183,-0.287,0.00
118.65958,0.183,-0.287,0.00
118.66974,0.197,-0.284,0.00
118.67991,0.197,-0.284,0.00
118.69006,0.214,-0.276,0.00
118.70020,0.214,-0.276,0.00
118.71033,0.236,-0.266,0.00
118.72048,0.264,-0.266,0.00
118.73121,0.264,-0.262,0.00
118.74137,0.264,-0.254,0.00
118.75156,0.292,-0.254,0.00
118.76184,0.292,-0.255,0.00
118.77199,0.320,-0.255,0.00
118.78216,0.320,-0.251,0.00
118.79230,0.346,-0.251,0.00
118.80245,0.346,-0.251,0.00
118.81290,0.346,-0.251,0.00
118.82332,0.405,-0.240,0.00
118.83379,0.405,-0.240,0.00
118.84405,0.436,-0.229,0.00
118.85438,0.436,-0.229,0.00
118.86464,0.469,-0.229,0.00
118.87481,0.469,-0.217,0.00
118.88583,0.502,-0.202,0.00
118.89729,0.502,-0.202,0.00
118.90826,0.533,-0.189,0.00
118.91841,0.533,-0.189,0.00
118.92863,0.563,-0.177,0.00
118.93928,0.563,-0.177,0.00
118.94970,0.592,-0.158,0.00
118.95986,0.592,-0.158,0.00
118.97031,0.621,-0.139,0.00
118.98047,0.621,-0.139,0.00
118.99064,0.650,-0.118,0.00
119.00092,0.650,-0.118,0.00
119.01109,0.670,-0.095,0.00
119.02124,0.688,-0.076,0.00
119.03140,0.688,-0.076,0.00
119.04167,0.688,-0.058,0.00
119.05225,0.707,-0.058,0.00
119.06275,0.707,-0.038,0.00
119.07319,0.725,-0.038,0.00
119.08428,0.725,-0.038,0.00
119.09462,0.741,-0.015,0.00
119.10515,0.753,0.011,0.00
119.11545,0.753,0.011,0.00
119.12591,0.763,0.034,0.00
119.13775,0.763,0.034,0.00
119.14789,0.770,0.055,0.00
119.15804,0.770,0.055,0.00
119.16820,0.774,0.070,0.00
119.17851,0.774,0.070,0.00
119.18876,0.773,0.086,0.00
119.19891,0.773,0.086,0.00
119.20907,0.769,0.100,0.00
119.21924,0.769,0.100,0.00
119.22998,0.769,0.100,0.00
119.24045,0.766,0.108,0.00
119.25065,0.764,0.113,0.00
119.26086,0.763,0.112,0.00
119.27120,0.763,0.112,0.00
119.28167,0.763,0.112,0.00
119.29182,0.761,0.115,0.00
119.30200,0.758,0.115,0.00
119.31215,0.758,0.118,0.00
119.32244,0.758,0.118,0.00
119.33259,0.754,0.122,0.00
119.34370,0.751,0.122,0.00
119.35400,0.751,0.125,0.00
119.36524,0.744,0.125,0.00
119.37564,0.744,0.124,0.00
119.38695,0.736,0.122,0.00
119.39738,0.736,0.122,0.00
119.40757,0.720,0.126,0.00
119.41773,0.720,0.126,0.00
119.42883,0.709,0.136,0.00
119.43909,0.705,0.136,0.00
119.44924,0.705,0.143,0.00
119.45940,0.705,0.143,0.00
119.47048,0.702,0.144,0.00
119.48068,0.702,0.144,0.00
119.49084,0.698,0.138,0.00
119.50100,0.698,0.138,0.00
119.51118,0.692,0.136,0.00
119.52144,0.692,0.136,0.00
119.53161,0.686,0.133,0.00
119.54177,0.679,0.131,0.00
119.55194,0.679,0.131,0.00
119.56222,0.685,0.129,0.00
119.57238,0.685,0.129,0.00
119.58298,0.685,0.129,0.00
119.59303,0.703,0.127,0.00
119.60319,0.746,0.133,0.00
119.61353,0.746,0.133,0.00
119.62371,0.746,0.133,0.00
119.63388,0.746,0.131,0.00
119.64416,0.860,0.128,0.00
119.65433,0.860,0.128,0.00
119.66503,0.962,0.124,0.00
119.67513,0.962,0.124,0.00
119.68564,1.123,0.123,0.00
119.69584,1.123,0.123,0.00
119.70612,1.123,0.124,0.00
119.71623,1.297,0.124,0.00
119.72646,1.481,0.127,0.00
119.73680,1.481,0.127,0.00
119.74687,1.729,0.138,0.00
119.75797,1.729,0.138,0.00
119.76813,2.149,0.150,0.00
119.77902,2.149,0.150,0.00
119.78931,2.565,0.160,0.00
119.79995,2.565,0.160,0.00
119.81011,2.965,0.171,0.00
119.82059,2.965,0.171,0.00
119.83083,3.419,0.182,0.00
119.84099,3.419,0.184,0.00
119.85115,3.882,0.184,0.00
119.86140,3.882,0.184,0.00
119.87156,4.373,0.191,0.00
119.88177,4.987,0.191,0.00
119.89192,4.987,0.192,0.00
119.90214,4.987,0.192,0.00
119.91231,5.740,0.199,0.00
119.92268,6.622,0.199,0.00
119.93324,6.622,0.212,0.00
119.94331,6.622,0.212,0.00
119.95349,7.563,0.229,0.00
119.96366,8.538,0.237,0.00
119.97383,8.538,0.237,0.00
119.98399,9.618,0.233,0.00
119.99429,9.618,0.233,0.00
120.00446,9.618,0.233,0.00
120.01473,10.694,0.202,0.00
120.02845,10.694,0.202,0.00
120.03889,11.785,0.140,0.00
120.04901,12.973,0.057,0.00
120.06223,12.973,0.057,10.00
120.07240,14.238,-0.059,10.00
120.08256,14.238,-0.059,10.00
120.09274,15.532,-0.163,10.00
120.10290,15.532,-0.163,10.00
120.11306,15.532,-0.264,10.00
120.12493,16.909,-0.264,10.00
120.13550,18.340,-0.352,10.00
120.14567,19.777,-0.412,10.00
120.17273,21.227,-0.447,10.00
120.18293,21.227,-0.447,10.00
120.20475,22.670,-0.461,10.00
120.21497,24.077,-0.464,10.00
120.23562,24.077,-0.465,10.00
120.24596,26.746,-0.465,10.00
120.26865,26.746,-0.395,10.00
120.27945,27.988,-0.395,10.00
120.28974,29.141,-0.247,10.00
120.30036,29.141,-0.247,10.00
120.31077,30.224,-0.103,10.00
120.32113,31.239,0.061,10.00
120.33217,31.239,0.061,10.00
120.34235,31.239,0.061,10.00
120.35251,32.168,0.061,10.00
120.36638,32.168,0.266,10.00
120.37655,32.998,0.488,10.00
120.38674,33.741,0.762,10.00
120.39713,33.741,0.762,10.50
120.40731,34.389,0.989,10.50
120.41893,34.389,0.989,10.50
120.42924,34.907,1.234,10.50
120.43953,34.907,1.234,10.50
120.45133,35.272,1.466,10.50
120.47611,35.484,1.466,10.50
120.48689,35.547,1.939,10.50
120.50805,35.547,2.161,10.50
120.51848,35.478,2.161,10.50
120.54013,35.263,2.354,10.50
120.55047,34.929,2.354,10.50
120.57247,34.502,2.680,10.50
120.58263,33.997,2.784,10.50
120.59295,33.997,2.784,10.50
120.60496,33.446,2.875,11.00
120.61512,33.446,2.875,11.00
120.62536,32.851,2.962,11.00
120.63810,32.206,3.052,11.00
120.64842,32.206,3.052,11.00
120.65898,32.206,3.052,11.00
120.66923,31.516,3.151,11.00
120.67938,31.516,3.253,11.00
120.68965,30.802,3.253,11.00
120.70053,30.069,3.359,11.00
120.71086,30.069,3.359,11.00
120.72122,29.298,3.462,11.00
120.74951,28.499,3.462,11.50
120.75968,27.706,3.533,11.50
120.78046,27.706,3.585,11.50
120.79064,26.919,3.606,11.50
120.81208,26.919,3.606,11.50
120.82226,26.127,3.601,11.50
120.84583,24.533,3.516,12.00
120.85716,24.533,3.516,12.00
120.87810,23.011,3.366,12.00
120.88826,23.011,3.366,12.00
120.89845,23.011,3.290,12.00
120.90862,22.292,3.290,12.00
120.91879,21.590,3.209,12.00
120.92895,21.590,3.209,12.00
120.94072,21.590,3.209,12.00
120.95090,20.916,3.138,12.00
120.96106,20.916,3.138,12.00
120.97192,20.290,3.088,12.50
120.98231,20.290,3.054,12.50
120.99265,19.698,3.054,12.50
121.02204,19.698,3.048,12.50
121.03234,18.638,3.051,12.50
121.05227,18.638,3.051,12.50
121.06643,18.638,3.051,12.50
121.08371,18.174,3.076,13.00
121.09389,17.355,3.171,13.00
121.11618,16.997,3.243,13.00
121.12652,16.630,3.319,13.00
121.14814,16.630,3.403,13.00
121.15834,16.213,3.403,13.00
121.16849,15.724,3.482,13.00
121.18177,15.724,3.482,13.50
121.19208,15.193,3.561,13.50
121.20223,15.193,3.643,13.50
121.21240,14.649,3.643,13.50
121.22257,14.649,3.711,13.50
121.23293,14.079,3.711,13.50
121.26008,13.448,3.818,13.50
121.27026,12.729,3.943,13.50
121.29235,11.943,3.943,14.00
121.30254,11.943,4.126,14.00
121.32590,11.943,4.575,14.00
121.33608,10.253,4.575,14.00
121.35567,9.348,4.575,14.00
121.36600,9.348,4.854,14.00
121.37629,8.394,5.224,14.00
121.38803,8.394,5.573,14.00
121.39836,7.428,5.573,14.00
121.40883,7.428,6.013,14.00
121.42072,5.536,6.514,14.50
121.43109,5.536,6.514,14.50
121.44165,4.720,7.034,14.50
121.45171,4.720,7.034,14.50
121.46188,4.720,7.034,14.50
121.47204,3.970,7.596,14.50
121.48523,3.168,8.187,14.50
121.49631,3.168,8.187,14.50
121.50647,2.533,8.763,14.50
121.53184,2.533,8.763,14.50
121.54218,1.961,9.436,14.50
121.56465,1.169,10.572,14.50
121.57493,1.169,10.572,14.50
121.59616,1.169,11.187,14.50
121.60634,0.837,11.895,14.50
121.62977,0.767,12.662,15.00
121.64096,0.724,12.662,15.00
121.65991,0.724,13.493,15.00
121.67023,0.724,13.493,15.00
121.68148,0.665,14.398,15.00
121.69200,0.665,15.449,15.00
121.70310,0.539,16.327,15.00
121.71385,0.417,16.327,15.00
121.72421,0.369,17.174,15.00
121.73436,0.369,17.174,15.00
121.74452,0.369,17.174,15.00
121.75608,0.366,17.974,15.00
121.76642,0.410,18.729,15.00
121.77666,0.410,18.729,15.00
121.80442,0.627,19.907,15.00
121.81458,0.627,19.907,15.00
121.83628,0.837,20.361,15.00
121.84723,1.071,20.751,15.00
121.86759,1.071,20.751,15.00
121.87788,1.309,21.072,15.00
121.89994,1.581,21.388,15.00
121.91043,1.835,21.730,15.00
121.93218,2.105,22.053,15.00
121.94234,2.374,22.053,15.00
121.95271,2.374,22.422,15.00
121.96387,2.374,22.422,15.00
121.97401,2.612,22.808,15.00
121.98418,2.612,22.808,15.00
121.99722,2.814,23.195,15.00
122.00722,2.939,23.675,15.00
122.01745,2.939,23.675,15.00
122.02780,2.939,23.675,15.00
122.03816,2.989,24.113,15.00
122.04825,3.012,24.587,15.00
122.05989,2.969,24.587,15.00
122.07027,2.969,25.065,15.00
122.08061,2.969,25.065,15.00
122.09239,2.860,25.563,15.00
122.10265,2.734,26.141,15.00
122.11277,2.734,26.141,15.00
122.14012,2.582,26.141,15.00
122.15106,2.410,27.337,15.00
122.17221,2.221,27.337,15.00
122.18253,2.221,27.929,15.00
122.20446,2.041,28.525,15.00
122.21462,1.893,28.977,15.00
122.22568,1.893,28.977,15.00
122.23711,1.771,29.338,15.00
122.24742,1.663,29.631,15.00
122.25783,1.663,29.631,15.00
122.26804,1.663,29.631,15.00
122.27822,1.599,29.844,15.00
122.28843,1.599,29.844,15.00
122.30096,1.599,30.029,15.00
122.31116,1.563,30.204,15.00
122.32181,1.563,30.204,15.00
122.33267,1.560,30.366,15.00
122.34284,1.560,30.561,15.00
122.35312,1.572,30.561,15.00
122.38087,1.572,30.561,15.00
122.39167,1.614,30.820,15.00
122.41304,1.653,31.016,15.00
122.42320,1.706,31.016,15.00
122.44487,1.706,31.242,15.00
122.45504,1.771,31.447,15.00
122.46566,1.839,31.640,0.00
122.47600,1.839,31.640,0.00
122.48616,1.909,31.794,0.00
122.49694,1.909,31.794,0.00
122.50726,1.971,31.940,0.00
122.51742,1.971,31.940,0.00
122.52762,2.011,32.000,0.00
122.53789,2.011,32.000,0.00
122.54803,2.013,32.079,0.00
122.55819,2.013,32.079,0.00
122.56835,1.968,32.144,0.00
122.57852,1.968,32.144,0.00
122.58870,1.869,32.227,0.00
122.59887,1.869,32.227,0.00
122.60903,1.740,32.322,0.00
122.61919,1.740,32.322,0.00
122.62935,1.597,32.431,0.00
122.63951,1.597,32.558,0.00
122.64967,1.457,32.558,0.00
122.65982,1.457,32.698,0.00
122.67038,1.345,32.698,0.00
122.68078,1.345,32.698,0.00
122.69103,1.267,32.833,0.00
122.70150,1.216,32.920,0.00
122.71178,1.216,32.920,0.00
122.72210,1.172,32.917,0.00
122.73245,1.172,32.917,0.00
122.74288,1.127,32.814,0.00
122.75321,1.127,32.814,0.00
122.76339,1.071,32.814,0.00
122.77366,1.071,32.579,0.00
122.78373,1.014,32.213,0.00
122.79412,1.014,32.213,0.00
122.80461,0.954,32.213,0.00
122.81507,0.954,31.785,0.00
122.82547,0.903,31.318,0.00
122.83564,0.903,31.318,0.00
122.84618,0.903,31.318,0.00
122.85636,0.903,31.318,0.00
122.86669,0.866,31.318,0.00
122.87725,0.855,30.667,0.00
122.88752,0.864,30.419,0.00
122.89796,0.864,30.419,0.00
122.90830,0.882,30.419,0.00
122.91872,0.882,30.205,0.00
122.92915,0.910,30.004,0.00
122.93935,0.910,30.004,0.00
122.94950,0.932,29.790,0.00
122.95965,0.932,29.790,0.00
122.96995,0.943,29.544,0.00
122.98021,0.943,29.544,0.00
122.99046,0.949,29.233,0.00
123.00072,0.949,29.233,0.00
123.01096,0.963,28.907,0.00
123.02112,0.986,28.558,0.00
123.03126,0.986,28.558,0.00
123.04143,0.986,28.237,0.00
123.05204,1.010,28.237,0.00
123.06237,1.010,28.237,0.00
123.07253,1.036,27.936,0.00
123.08270,1.060,27.670,0.00
123.09287,1.060,27.670,0.00
123.10305,1.060,27.670,0.00
123.11321,1.076,27.448,0.00
123.12341,1.075,27.257,0.00
123.13377,1.075,27.257,0.00
123.14393,1.052,27.037,0.00
123.15413,1.052,27.037,0.00
123.16429,1.020,26.850,0.00
123.17446,1.020,26.850,0.00
123.18462,1.020,26.850,0.00
123.19480,0.982,26.675,0.00
123.20496,0.930,26.482,0.00
123.21512,0.930,26.482,0.00
123.22537,0.870,26.245,0.00
123.23552,0.870,26.245,0.00
123.24573,0.870,26.245,0.00
123.25589,0.824,25.972,0.00
123.26605,0.824,25.972,0.00
123.27627,0.799,25.685,0.00
123.28644,0.794,25.353,0.00
123.29660,0.794,25.353,0.00
123.30683,0.800,24.907,0.00
123.31699,0.800,24.907,0.00
123.32715,0.807,24.458,0.00
123.33732,0.807,24.458,0.00
123.34754,0.820,23.967,0.00
123.35775,0.820,23.967,0.00
123.36805,0.820,23.967,0.00
123.37820,0.820,23.967,0.00
123.38837,0.854,23.440,0.00
123.39852,0.854,23.440,0.00
123.40872,0.857,22.881,0.00
123.41887,0.857,22.881,0.00
123.42903,0.832,22.288,0.00
123.43923,0.792,21.647,0.00
123.44954,0.792,21.647,0.00
123.46040,0.747,20.993,0.00
123.47056,0.747,20.993,0.00
123.48072,0.720,20.277,0.00
123.49087,0.720,20.277,0.00
123.50104,0.720,20.277,0.00
123.51119,0.698,19.630,0.00
123.52133,0.672,18.951,0.00
123.53147,0.672,18.951,0.00
123.54163,0.649,18.306,0.00
123.55208,0.649,18.306,0.00
123.56222,0.649,17.710,0.00
123.57236,0.625,17.710,0.00
123.58304,0.625,17.710,0.00
123.59343,0.569,17.039,0.00
123.60377,0.569,17.039,0.00
123.61393,0.523,16.317,0.00
123.62415,0.458,15.430,0.00
123.63431,0.458,15.430,0.00
123.64446,0.458,15.430,0.00
123.65468,0.378,14.378,0.00
123.66490,0.323,13.139,0.00
123.67506,0.323,13.139,0.00
123.68522,0.323,13.139,0.00
123.69537,0.282,12.030,0.00
123.70555,0.249,10.855,0.00
123.71571,0.249,10.855,0.00
123.72633,0.229,9.650,0.00
123.73654,0.229,9.650,0.00
123.74672,0.222,8.395,0.00
123.75694,0.222,8.395,0.00
123.76710,0.213,7.147,0.00
123.77731,0.213,7.147,0.00
123.78761,0.209,5.977,0.00
123.79803,0.209,5.977,0.00
123.80819,0.207,4.847,0.00
123.81856,0.207,4.847,0.00
123.82878,0.218,3.728,0.00
123.83910,0.218,3.728,0.00
123.84924,0.218,2.838,0.00
123.85955,0.261,2.838,0.00
123.87090,0.306,2.093,0.00
123.88107,0.306,2.093,0.00
123.89124,0.346,1.407,0.00
123.90141,0.346,0.819,0.00
123.91158,0.376,0.819,0.00
123.92212,0.376,0.819,0.00
123.93228,0.376,0.284,0.00
123.94245,0.409,-0.165,0.00
123.95285,0.443,-0.165,0.00
123.96324,0.475,-0.604,0.00
124.00221,0.506,-0.956,0.00
124.01910,0.533,-1.222,0.00
124.04208,0.547,-1.354,0.00
124.05386,0.553,-1.439,0.00
124.06461,0.548,-1.439,0.00
124.07548,0.548,-1.446,0.00
124.09187,0.548,-1.433,0.00
124.10910,0.522,-1.353,0.00
124.11987,0.522,-1.353,0.00
124.13026,0.510,-1.353,0.00
124.14078,0.496,-1.262,0.00
124.15141,0.496,-1.137,0.00
124.16197,0.483,-1.137,0.00
124.17255,0.483,-1.030,0.00
124.18356,0.483,-1.030,0.00
124.19927,0.465,-0.942,0.00
124.20984,0.445,-0.942,0.00
124.22202,0.425,-0.741,0.00
124.24395,0.406,-0.599,0.00
124.26028,0.406,-0.599,0.00
124.27074,0.390,-0.599,0.00
124.28669,0.378,-0.309,0.00
124.30240,0.378,-0.309,0.00
124.31292,0.367,-0.309,0.00
124.32361,0.367,-0.038,0.00
124.33496,0.370,-0.038,0.00
124.34569,0.370,0.049,0.00
124.36146,0.399,0.049,0.00
124.37197,0.399,0.131,0.00
124.38244,0.418,0.131,0.00
124.39838,0.418,0.194,0.00
124.41417,0.434,0.234,0.00
124.42446,0.434,0.234,0.00
124.44019,0.449,0.260,0.00
124.45065,0.449,0.260,0.00
124.46684,0.446,0.302,0.00
124.47782,0.446,0.302,0.00
124.48844,0.434,0.311,0.00
124.50420,0.434,0.311,0.00
124.51721,0.424,0.326,0.00
124.52821,0.412,0.326,0.00
124.54575,0.412,0.317,0.00
124.56147,0.395,0.300,0.00
124.57790,0.374,0.300,0.00
124.58812,0.374,0.272,0.00
124.59896,0.346,0.272,0.00
124.60977,0.346,0.272,0.00
124.62141,0.346,0.204,0.00
124.63363,0.331,0.204,0.00
124.64428,0.331,0.204,0.00
124.65647,0.307,0.204,0.00
124.66688,0.283,0.137,0.00
124.67780,0.283,0.137,0.00
124.69809,0.263,0.137,0.00
124.71390,0.256,0.067,0.00
124.73008,0.256,0.026,0.00
124.75268,0.254,-0.016,0.00
124.76302,0.254,-0.058,0.00
124.77920,0.256,-0.058,0.00
124.79050,0.260,-0.109,0.00
124.80066,0.260,-0.109,0.00
124.81874,0.267,-0.153,0.00
124.83506,0.284,-0.196,0.00
124.84701,0.284,-0.196,0.00
124.86984,0.312,-0.273,0.00
124.89049,0.325,-0.273,0.00
124.90621,0.335,-0.321,0.00
124.92341,0.335,-0.321,0.00
124.93542,0.342,-0.340,0.00
124.94702,0.342,-0.340,0.00
124.95918,0.342,-0.358,0.00
124.97501,0.354,-0.366,0.00
125.03476,0.385,-0.331,0.00
125.04671,0.399,-0.299,0.00
125.11409,0.436,-0.192,0.00
125.12440,0.446,-0.147,0.00
125.13525,0.050,0.006,0.00
125.14609,0.058,0.055,0.00
125.15632,0.058,0.055,0.00
125.16647,0.066,0.108,0.00
125.17771,0.066,0.108,0.00
125.18786,0.073,0.159,0.00
125.19806,0.073,0.159,0.00
125.20821,0.077,0.207,0.00
125.21837,0.077,0.207,0.00
125.22853,0.077,0.251,0.00
125.23880,0.079,0.251,0.00
125.24939,0.079,0.291,0.00
125.26049,0.079,0.291,0.00
125.27065,0.086,0.337,0.00
125.28086,0.090,0.377,0.00
125.29105,0.090,0.377,0.00
125.30140,0.091,0.410,0.00
125.31179,0.091,0.410,0.00
125.32194,0.091,0.438,0.00
125.33210,0.094,0.438,0.00
125.34226,0.094,0.456,0.00
125.35273,0.103,0.456,0.00
125.36338,0.116,0.465,0.00
125.37371,0.116,0.465,0.00
125.38423,0.116,0.469,0.00
125.39439,0.129,0.469,0.00
125.40465,0.129,0.469,0.00
125.41501,0.129,0.469,0.00
125.42537,0.153,0.463,0.00
125.43559,0.153,0.463,0.00
125.44610,0.167,0.453,0.00
125.45618,0.167,0.453,0.00
125.46633,0.177,0.429,0.00
125.47661,0.177,0.429,0.00
125.48676,0.186,0.401,0.00
125.49702,0.186,0.401,0.00
125.50720,0.193,0.371,0.00
125.51962,0.193,0.371,0.00
125.52977,0.202,0.341,0.00
125.54000,0.202,0.341,0.00
125.55024,0.214,0.319,0.00
125.56045,0.214,0.319,0.00
125.57061,0.225,0.304,0.00
125.58077,0.225,0.292,0.00
125.59092,0.234,0.292,0.00
125.60112,0.234,0.276,0.00
125.61128,0.245,0.276,0.00
125.62143,0.245,0.260,0.00
125.63158,0.259,0.260,0.00
125.64174,0.276,0.245,0.00
125.65190,0.276,0.245,0.00
125.66206,0.276,0.245,0.00
125.67222,0.276,0.245,0.00
125.68265,0.297,0.231,0.00
125.69297,0.316,0.221,0.00
125.70312,0.332,0.224,0.00
125.71327,0.332,0.224,0.00
125.72342,0.344,0.233,0.00
125.73369,0.344,0.233,0.00
125.74384,0.344,0.233,0.00
125.75399,0.344,0.233,0.00
125.76413,0.344,0.233,0.00
125.77450,0.344,0.250,0.00
125.78454,0.350,0.277,0.00
125.79490,0.353,0.309,0.00
125.80518,0.353,0.309,0.00
125.81547,0.353,0.309,0.00
125.82610,0.358,0.370,0.00
125.83635,0.358,0.370,0.00
125.84666,0.362,0.393,0.00
125.85681,0.362,0.393,0.00
125.86696,0.361,0.410,0.00
125.87714,0.361,0.410,0.00
125.88784,0.361,0.410,0.00
125.89862,0.353,0.425,0.00
125.90887,0.349,0.442,0.00
125.91993,0.349,0.442,0.00
125.93009,0.351,0.465,0.00
125.94026,0.351,0.465,0.00
125.95042,0.351,0.488,0.00
125.96062,0.351,0.488,0.00
125.97077,0.350,0.513,0.00
125.98094,0.350,0.513,0.00
125.99112,0.350,0.535,0.00
126.00127,0.349,0.558,0.00
126.01143,0.349,0.558,0.00
126.02167,0.349,0.580,0.00
126.03183,0.349,0.580,0.00
126.04197,0.351,0.597,0.00
126.05212,0.351,0.597,0.00
126.06234,0.353,0.615,0.00
126.07266,0.353,0.615,0.00
126.08300,0.359,0.631,0.00
126.09317,0.359,0.631,0.00
126.10364,0.364,0.645,0.00
126.11383,0.364,0.645,0.00
126.12451,0.362,0.652,0.00
126.13467,0.362,0.652,0.00
126.14483,0.365,0.661,0.00
126.15499,0.365,0.661,0.00
126.16531,0.370,0.673,0.00
126.17549,0.370,0.673,0.00
126.18663,0.375,0.691,0.00
126.19680,0.375,0.691,0.00
126.20711,0.377,0.691,0.00
126.21904,0.377,0.717,0.00
126.23003,0.382,0.747,0.00
126.24009,0.382,0.779,0.00
126.25026,0.383,0.779,0.00
126.26043,0.383,0.779,0.00
126.27059,0.381,0.802,0.00
126.28094,0.381,0.819,0.00
126.29125,0.380,0.819,0.00
126.30175,0.380,0.833,0.00
126.31213,0.380,0.833,0.00
126.32245,0.382,0.843,0.00
126.33273,0.382,0.843,0.00
126.34286,0.390,0.843,0.00
126.35301,0.390,0.850,0.00
126.36317,0.407,0.850,0.00
126.37338,0.407,0.863,0.00
126.38365,0.407,0.863,0.00
126.39411,0.432,0.876,0.00
126.40452,0.468,0.889,0.00
126.41506,0.468,0.889,0.00
126.42547,0.517,0.904,0.00
126.43573,0.517,0.904,0.00
126.44597,0.579,0.920,0.00
126.45632,0.579,0.920,0.00
126.46667,0.641,0.938,0.00
126.47681,0.641,0.938,0.00
126.48697,0.641,0.956,0.00
126.49713,0.714,0.956,0.00
126.50729,0.802,0.973,0.00
126.51748,0.802,0.973,0.00
126.52796,0.926,0.990,0.00
126.53801,0.926,1.005,0.00
126.54818,1.094,1.005,0.00
126.55833,1.094,1.005,0.00
126.56884,1.275,1.022,0.00
126.57890,1.275,1.022,0.00
126.58905,1.598,1.022,0.00
126.59920,1.989,1.039,0.00
126.60938,1.989,1.058,0.00
126.61958,1.989,1.058,0.00
126.62973,2.370,1.080,0.00
126.64006,2.806,1.080,0.00
126.65023,2.806,1.103,0.00
126.66048,2.806,1.103,0.00
126.67074,3.277,1.126,0.00
126.68089,3.277,1.126,0.00
126.69110,3.277,1.126,0.00
126.70126,3.748,1.153,0.00
126.71149,3.748,1.153,0.00
126.72174,4.824,1.177,0.00
126.73189,4.824,1.204,0.00
126.74206,5.481,1.223,0.00
126.75221,5.481,1.223,0.00
126.76236,6.216,1.250,0.00
126.77251,6.216,1.250,0.00
126.78267,6.982,1.250,0.00
126.79283,6.982,1.283,0.00
126.80309,7.826,1.323,0.00
126.81334,7.826,1.323,0.00
126.82349,7.826,1.323,0.00
126.83373,7.826,1.323,0.00
126.84394,8.722,1.341,0.00
126.85409,9.666,1.352,0.00
126.86492,9.666,1.352,0.00
126.87507,9.666,1.352,0.00
126.88523,9.666,1.352,0.00
126.89537,9.666,1.352,0.00
126.90592,10.709,1.351,0.00
126.92535,10.709,1.324,0.00
126.93553,14.277,1.324,0.00
126.95563,15.614,1.303,10.00
126.96580,15.614,1.303,10.00
126.97611,15.614,1.303,10.00
126.98806,18.392,1.281,10.00
126.99844,19.789,1.265,10.00
127.00863,19.789,1.258,10.00
127.02186,19.789,1.258,10.00
127.03201,21.161,1.266,10.00
127.04216,22.487,1.279,10.00
127.05231,22.487,1.279,10.00
127.06246,22.487,1.293,10.00
127.07261,23.762,1.293,10.00
127.09961,23.762,1.293,10.00
127.11022,26.080,1.333,10.00
127.13215,27.103,1.333,10.00
127.14248,28.035,1.369,10.00
127.16383,28.868,1.369,10.00
127.17404,28.868,1.386,10.00
127.19649,29.616,1.484,10.00
127.20660,29.616,1.484,10.00
127.22788,30.840,1.636,10.00
127.23824,31.266,1.786,10.00
127.24857,31.266,1.928,10.00
127.25983,31.266,1.928,10.00
127.27009,31.554,2.081,10.00
127.28026,31.554,2.081,10.00
127.29207,31.704,2.244,10.50
127.30356,31.704,2.244,10.50
127.31375,31.733,2.410,10.50
127.32397,31.652,2.410,10.50
127.33482,31.652,2.581,10.50
127.34610,31.453,2.758,10.50
127.35738,31.453,2.758,10.50
127.36756,31.135,2.921,10.50
127.37926,31.135,2.921,10.50
127.40353,30.711,3.084,10.50
127.41384,30.190,3.220,10.50
127.43627,29.592,3.349,10.50
127.44662,28.949,3.484,10.50
127.46769,28.949,3.484,10.50
127.47824,28.277,3.597,10.50
127.49988,26.766,3.694,11.00
127.51031,26.766,3.782,11.00
127.52047,26.766,3.782,11.00
127.53183,25.935,3.861,11.00
127.54210,25.114,3.959,11.00
127.55242,25.114,3.959,11.00
127.56501,24.311,4.035,11.00
127.57629,24.311,4.035,11.00
127.58691,23.506,4.113,11.00
127.59713,23.506,4.113,11.00
127.60747,22.694,4.178,11.00
127.61762,21.899,4.178,11.00
127.62800,21.899,4.236,11.50
127.63831,21.899,4.292,11.50
127.64846,21.141,4.292,11.50
127.66112,21.141,4.292,11.50
127.67157,20.420,4.330,11.50
127.68190,20.420,4.330,11.50
127.70823,19.084,4.371,11.50
127.71926,19.084,4.371,11.50
127.73975,19.084,4.366,12.00
127.74996,17.980,4.349,12.00
127.77191,17.980,4.312,12.00
127.78272,17.482,4.272,12.00
127.80354,16.991,4.272,12.00
127.81374,16.477,4.233,12.00
127.82390,16.477,4.233,12.00
127.83617,15.924,4.207,12.00
127.84679,15.333,4.193,12.00
127.85742,15.333,4.193,12.00
127.86814,14.710,4.181,12.50
127.87924,14.710,4.181,12.50
127.88964,14.094,4.193,12.50
127.89970,14.094,4.193,12.50
127.90987,13.501,4.217,12.50
127.92002,13.501,4.217,12.50
127.93233,12.909,4.264,12.50
127.94406,12.277,4.329,12.50
127.95424,12.277,4.329,12.50
127.96439,12.277,4.407,13.00
127.97459,11.594,4.407,13.00
127.98477,10.887,4.519,13.00
127.99565,10.887,4.519,13.00
128.00586,10.155,4.642,13.00
128.01620,10.155,4.642,13.00
128.02636,9.409,4.823,13.00
128.04568,9.409,5.009,13.00
128.05594,8.772,5.009,13.00
128.07560,8.772,5.230,13.50
128.08588,7.310,5.491,13.50
128.11059,7.310,5.491,13.50
128.12091,6.555,5.790,13.50
128.14004,5.746,6.131,13.50
128.15025,4.904,6.479,13.50
128.16041,4.097,6.479,13.50
128.17194,4.097,6.873,14.00
128.18217,3.307,7.355,14.00
128.19233,3.307,7.355,14.00
128.20390,3.307,7.834,14.00
128.21412,2.566,7.834,14.00
128.22534,2.566,7.834,14.00
128.23621,1.824,8.355,14.00
128.24647,1.243,8.927,14.00
128.25687,1.243,8.927,14.00
128.26820,0.771,9.537,14.00
128.27848,0.771,9.537,14.00
128.28886,0.471,10.153,14.00
128.31594,0.471,10.791,14.00
128.32623,0.158,11.407,14.00
128.34865,0.081,12.108,14.50
128.35881,0.081,12.108,14.50
128.38075,-0.015,13.474,14.50
128.39119,-0.015,13.474,14.50
128.41152,-0.015,13.474,14.50
128.42171,-0.057,15.089,14.50
128.43187,-0.057,15.089,14.50
128.44586,-0.063,15.960,14.50
128.45671,-0.042,16.871,14.50
128.46686,-0.042,16.871,14.50
128.47706,-0.042,16.871,14.50
128.48723,0.019,17.771,14.50
128.49738,0.086,17.771,14.50
128.52439,0.086,18.775,15.00
128.53467,0.185,19.641,15.00
128.55647,0.306,20.445,15.00
128.56741,0.423,21.201,15.00
128.59245,0.529,21.910,15.00
128.60274,0.634,22.547,15.00
128.62022,0.698,23.108,15.00
128.63036,0.698,23.108,15.00
128.65251,0.749,23.631,15.00
128.66284,0.811,24.158,15.00
128.67316,0.811,24.158,15.00
128.68707,0.872,24.158,15.00
128.69725,0.872,24.735,15.00
128.70785,0.908,25.226,15.00
128.71818,0.908,25.226,15.00
128.72905,0.932,25.669,15.00
128.73921,0.932,25.669,15.00
128.74937,0.935,26.144,15.00
128.75953,0.926,26.619,15.00
128.76968,0.926,26.619,15.00
128.79657,0.916,26.619,15.00
128.80673,0.905,27.590,15.00
128.82806,0.895,27.590,15.00
128.83822,0.895,28.085,15.00
128.86111,0.881,28.657,15.00
128.87128,0.869,29.188,15.00
128.89396,0.847,29.188,15.00
128.90443,0.847,30.446,15.00
128.92663,0.779,30.446,15.00
128.93698,0.779,31.123,15.00
128.94714,0.779,31.123,15.00
128.95803,0.736,31.789,15.00
128.96820,0.714,32.386,15.00
128.97835,0.701,32.923,15.00
128.98931,0.701,32.923,15.00
128.99924,0.703,33.442,15.00
129.00985,0.703,33.442,15.00
129.02152,0.703,33.442,15.00
129.03243,0.714,33.867,15.00
129.04549,0.714,34.239,15.00
129.05565,0.728,34.239,15.00
129.06584,0.744,34.537,15.00
129.07600,0.744,34.537,15.00
129.10020,0.769,34.964,15.00
129.11038,0.793,34.964,15.00
129.13199,0.793,35.142,15.00
129.14219,0.854,35.298,15.00
129.16399,0.854,35.298,15.00
129.17447,0.888,35.451,15.00
129.19726,0.924,35.571,15.00
129.20753,0.953,35.649,15.00
129.21892,0.953,35.649,15.00
129.22910,0.989,35.704,15.00
129.23951,1.018,35.729,15.00
129.24968,1.018,35.729,15.00
129.26091,1.039,35.725,15.00
129.27122,1.039,35.725,15.00
129.28206,1.039,35.723,15.00
129.29300,1.049,35.723,15.00
129.30327,1.058,35.723,15.00
129.31343,1.058,35.704,15.00
129.34030,1.058,35.704,15.00
129.35063,1.083,35.680,15.00
129.36078,1.097,35.672,0.00
129.37094,1.097,35.672,0.00
129.38111,1.112,35.671,0.00
129.39156,1.112,35.671,0.00
129.40173,1.126,35.661,0.00
129.41189,1.126,35.661,0.00
129.42204,1.122,35.656,0.00
129.43220,1.122,35.656,0.00
129.44235,1.088,35.656,0.00
129.45252,1.088,35.651,0.00
129.46268,1.024,35.649,0.00
129.47284,1.024,35.649,0.00
129.48300,0.925,35.658,0.00
129.49314,0.925,35.658,0.00
129.50337,0.797,35.673,0.00
129.51354,0.797,35.673,0.00
129.52381,0.641,35.702,0.00
129.53415,0.641,35.702,0.00
129.54466,0.497,35.737,0.00
129.55481,0.497,35.737,0.00
129.56514,0.388,35.776,0.00
129.57580,0.388,35.776,0.00
129.58597,0.312,35.817,0.00
129.59657,0.312,35.817,0.00
129.60708,0.269,35.856,0.00
129.61723,0.269,35.856,0.00
129.62759,0.269,35.856,0.00
129.63856,0.233,35.837,0.00
129.64872,0.196,35.726,0.00
129.65934,0.196,35.726,0.00
129.66951,0.158,35.525,0.00
129.67967,0.158,35.525,0.00
129.68984,0.116,35.198,0.00
129.70000,0.116,35.198,0.00
129.71058,0.067,34.749,0.00
129.72075,0.021,34.212,0.00
129.73091,0.021,34.212,0.00
129.74107,-0.011,33.705,0.00
129.75123,-0.011,33.705,0.00
129.76139,-0.011,33.705,0.00
129.77154,-0.026,33.255,0.00
129.78171,-0.036,32.811,0.00
129.79185,-0.036,32.811,0.00
129.80200,-0.063,32.304,0.00
129.81215,-0.063,32.304,0.00
129.82239,-0.096,31.855,0.00
129.83269,-0.096,31.855,0.00
129.84293,-0.129,31.405,0.00
129.85326,-0.129,31.405,0.00
129.86360,-0.129,31.405,0.00
129.87394,-0.170,30.923,0.00
129.88431,-0.213,30.923,0.00
129.89463,-0.213,30.396,0.00
129.90496,-0.252,29.826,0.00
129.91528,-0.252,29.826,0.00
129.92544,-0.293,29.219,0.00
129.93559,-0.293,29.219,0.00
129.94574,-0.321,28.578,0.00
129.95590,-0.321,28.578,0.00
129.96606,-0.338,27.785,0.00
129.97621,-0.338,27.785,0.00
129.98637,-0.354,26.967,0.00
129.99856,-0.354,26.967,0.00
130.00892,-0.363,26.058,0.00
130.01909,-0.363,25.141,0.00
130.02925,-0.380,25.141,0.00
130.03940,-0.380,25.141,0.00
130.04980,-0.398,24.232,0.00
130.05996,-0.413,23.230,0.00
130.07024,-0.413,23.230,0.00
130.08058,-0.418,22.207,0.00
130.09110,-0.418,22.207,0.00
130.10125,-0.421,22.207,0.00
130.11145,-0.421,21.145,0.00
130.12225,-0.433,19.960,0.00
130.13241,-0.433,19.960,0.00
130.14268,-0.433,19.960,0.00
130.15305,-0.447,18.929,0.00
130.16362,-0.458,17.870,0.00
130.17378,-0.458,17.870,0.00
130.18394,-0.460,16.788,0.00
130.19411,-0.460,16.788,0.00
130.20427,-0.458,15.674,0.00
130.21444,-0.458,15.674,0.00
130.22509,-0.454,14.538,0.00
130.23569,-0.454,14.538,0.00
130.24585,-0.454,13.372,0.00
130.25601,-0.454,13.372,0.00
130.26616,-0.454,13.372,0.00
130.27633,-0.454,12.235,0.00
130.28649,-0.453,11.013,0.00
130.29665,-0.453,11.013,0.00
130.30679,-0.452,9.945,0.00
130.31695,-0.452,9.945,0.00
130.32715,-0.453,8.863,0.00
130.33731,-0.453,8.863,0.00
130.34813,-0.451,7.795,0.00
130.35856,-0.451,7.795,0.00
130.36879,-0.378,6.793,0.00
130.37917,-0.378,6.793,0.00
130.38949,-0.387,5.877,0.00
130.39981,-0.379,5.045,0.00
130.41012,-0.379,5.045,0.00
130.42041,-0.373,4.247,0.00
130.43074,-0.373,4.247,0.00
130.44104,-0.379,3.472,0.00
130.45134,-0.379,3.472,0.00
130.46175,-0.393,2.753,0.00
130.47195,-0.393,2.753,0.00
130.48212,-0.393,2.149,0.00
130.49253,-0.326,2.149,0.00
130.50295,-0.330,1.650,0.00
130.51328,-0.330,1.650,0.00
130.52364,-0.358,1.135,0.00
130.53399,-0.358,1.135,0.00
130.54462,-0.369,0.691,0.00
130.55477,-0.369,0.691,0.00
130.56500,-0.385,0.281,0.00
130.57533,-0.385,0.281,0.00
130.58635,-0.400,-0.108,0.00
130.59670,-0.400,-0.493,0.00
130.60686,-0.421,-0.493,0.00
130.61705,-0.421,-0.493,0.00
130.62721,-0.449,-0.841,0.00
130.63737,-0.449,-0.841,0.00
130.64753,-0.486,-1.095,0.00
130.65780,-0.489,-1.095,0.00
130.66796,-0.489,-1.248,0.00
130.67811,-0.489,-1.248,0.00
130.68827,-0.442,-1.342,0.00
130.69843,-0.442,-1.381,0.00
130.70859,-0.516,-1.381,0.00
130.71875,-0.516,-1.342,0.00
130.72890,-0.536,-1.342,0.00
130.73904,-0.536,-1.342,0.00
130.74919,-0.536,-1.342,0.00
130.75970,-0.563,-1.242,0.00
130.76986,-0.577,-1.104,0.00
130.78002,-0.577,-1.104,0.00
130.79018,-0.577,-1.104,0.00
130.80037,-0.583,-0.838,0.00
130.81054,-0.583,-0.838,0.00
130.82071,-0.582,-0.725,0.00
130.83088,-0.582,-0.725,0.00
130.84104,-0.586,-0.648,0.00
130.85145,-0.586,-0.648,0.00
130.86219,-0.585,-0.612,0.00
130.87851,-0.585,-0.612,0.00
130.88867,-0.585,-0.612,0.00
130.89883,-0.585,-0.612,0.00
130.91563,-0.585,-0.612,0.00
130.93131,-0.585,-0.612,0.00
130.94429,-0.585,-0.569,0.00
130.96137,-0.585,-0.487,0.00
130.98331,-0.520,-0.404,0.00
130.99348,-0.520,-0.404,0.00
131.00459,-0.501,-0.404,0.00
131.02088,-0.501,-0.286,0.00
131.03195,-0.483,-0.286,0.00
131.04242,-0.464,-0.211,0.00
131.06346,-0.449,-0.136,0.00
131.07532,-0.449,-0.136,0.00
131.08567,-0.449,-0.062,0.00
131.09660,-0.440,-0.062,0.00
131.10701,-0.435,0.021,0.00
131.11860,-0.430,0.088,0.00
131.13338,-0.430,0.088,0.00
131.14383,-0.430,0.153,0.00
131.15436,-0.426,0.153,0.00
131.18034,-0.424,0.207,0.00
131.19725,-0.426,0.207,0.00
131.21083,-0.426,0.300,0.00
131.22187,-0.429,0.300,0.00
131.23218,-0.429,0.352,0.00
131.24255,-0.429,0.352,0.00
131.25307,-0.429,0.397,0.00
131.26341,-0.436,0.397,0.00
131.27383,-0.436,0.435,0.00
131.28982,-0.459,0.470,0.00
131.30583,-0.472,0.509,0.00
131.31616,-0.472,0.509,0.00
131.32654,-0.483,0.548,0.00
131.33686,-0.483,0.548,0.00
131.34773,-0.483,0.548,0.00
131.35814,-0.483,0.582,0.00
131.36853,-0.508,0.582,0.00
131.37895,-0.508,0.610,0.00
131.38991,-0.508,0.610,0.00
131.40030,-0.508,0.610,0.00
131.41061,-0.508,0.610,0.00
131.42097,-0.519,0.610,0.00
131.43137,-0.519,0.631,0.00
131.44245,-0.536,0.631,0.00
131.45840,-0.546,0.625,0.00
131.46857,-0.546,0.625,0.00
131.47972,-0.556,0.614,0.00
131.48999,-0.558,0.606,0.00
131.50606,-0.558,0.606,0.00
131.51643,-0.550,0.597,0.00
131.52660,-0.550,0.585,0.00
131.53700,-0.543,0.585,0.00
131.54769,-0.535,0.568,0.00
131.55794,-0.535,0.568,0.00
131.56831,-0.535,0.551,0.00
131.57867,-0.525,0.551,0.00
131.58905,-0.525,0.551,0.00
131.60498,-0.525,0.551,0.00
131.62109,-0.512,0.507,0.00
131.63129,-0.512,0.484,0.00
131.64241,-0.504,0.484,0.00
131.65329,-0.496,0.467,0.00
131.66382,-0.496,0.445,0.00
131.67422,-0.485,0.445,0.00
131.68463,-0.485,0.445,0.00
131.69502,-0.475,0.445,0.00
131.71095,-0.467,0.410,0.00
131.72711,-0.457,0.388,0.00
131.73753,-0.457,0.388,0.00
131.74775,-0.457,0.364,0.00
131.75845,-0.429,0.364,0.00
131.76904,-0.429,0.343,0.00
131.77941,-0.429,0.343,0.00
131.78986,-0.429,0.333,0.00
131.80021,-0.396,0.333,0.00
131.81653,-0.396,0.331,0.00
131.83248,-0.383,0.333,0.00
131.84265,-0.375,0.333,0.00
131.85362,-0.375,0.336,0.00
131.86393,-0.368,0.343,0.00
131.92391,-0.368,0.343,0.00
131.93479,-0.350,0.364,0.00
131.99693,-0.323,0.416,0.00
132.00732,-0.323,0.416,0.00
132.01806,0.172,0.019,0.00
132.02821,0.178,0.078,0.00
132.03839,0.178,0.078,0.00
132.04860,0.179,0.078,0.00
132.05887,0.177,0.108,0.00
132.06903,0.177,0.136,0.00
132.07920,0.177,0.136,0.00
132.08936,0.175,0.171,0.00
132.09953,0.175,0.171,0.00
132.10974,0.172,0.200,0.00
132.11990,0.172,0.200,0.00
132.13007,0.170,0.229,0.00
132.14024,0.168,0.255,0.00
132.15045,0.168,0.255,0.00
132.16114,0.168,0.255,0.00
132.17129,0.164,0.277,0.00
132.18144,0.160,0.299,0.00
132.19164,0.160,0.299,0.00
132.20200,0.155,0.320,0.00
132.21233,0.155,0.320,0.00
132.22267,0.162,0.337,0.00
132.23299,0.162,0.337,0.00
132.24457,0.162,0.337,0.00
132.25507,0.176,0.358,0.00
132.26537,0.176,0.358,0.00
132.27580,0.191,0.368,0.00
132.28595,0.208,0.373,0.00
132.29610,0.208,0.373,0.00
132.30676,0.225,0.379,0.00
132.31710,0.225,0.379,0.00
132.32726,0.237,0.382,0.00
132.33776,0.237,0.384,0.00
132.34801,0.247,0.384,0.00
132.35816,0.247,0.384,0.00
132.36832,0.256,0.382,0.00
132.38016,0.267,0.382,0.00
132.39044,0.267,0.378,0.00
132.40060,0.279,0.373,0.00
132.41076,0.279,0.373,0.00
132.42092,0.279,0.373,0.00
132.43108,0.288,0.368,0.00
132.44125,0.288,0.368,0.00
132.45141,0.291,0.362,0.00
132.46173,0.291,0.362,0.00
132.47189,0.291,0.362,0.00
132.48276,0.295,0.352,0.00
132.49293,0.296,0.339,0.00
132.50307,0.294,0.326,0.00
132.51323,0.294,0.326,0.00
132.52357,0.291,0.316,0.00
132.53408,0.291,0.316,0.00
132.54571,0.286,0.314,0.00
132.55720,0.279,0.314,0.00
132.56749,0.279,0.313,0.00
132.57788,0.273,0.313,0.00
132.58814,0.273,0.311,0.00
132.59850,0.273,0.311,0.00
132.60883,0.273,0.311,0.00
132.61925,0.273,0.309,0.00
132.62972,0.262,0.308,0.00
132.64010,0.262,0.309,0.00
132.65025,0.255,0.309,0.00
132.66041,0.255,0.309,0.00
132.67058,0.243,0.304,0.00
132.68073,0.228,0.310,0.00
132.69089,0.228,0.310,0.00
132.70105,0.211,0.310,0.00
132.71121,0.211,0.315,0.00
132.72136,0.211,0.322,0.00
132.73215,0.195,0.322,0.00
132.74261,0.195,0.322,0.00
132.75276,0.178,0.327,0.00
132.76320,0.160,0.336,0.00
132.77363,0.160,0.336,0.00
132.78379,0.142,0.345,0.00
132.79475,0.142,0.345,0.00
132.80493,0.120,0.356,0.00
132.81511,0.120,0.356,0.00
132.82532,0.096,0.368,0.00
132.83547,0.096,0.368,0.00
132.84562,0.071,0.382,0.00
132.85576,0.071,0.382,0.00
132.86617,0.071,0.382,0.00
132.87636,0.048,0.396,0.00
132.88651,0.021,0.417,0.00
132.89692,0.021,0.417,0.00
132.90707,-0.003,0.443,0.00
132.91721,-0.003,0.482,0.00
132.92737,-0.025,0.482,0.00
132.93753,-0.025,0.482,0.00
132.94767,-0.025,0.482,0.00
132.95791,-0.025,0.482,0.00
132.96953,-0.025,0.482,0.00
132.97971,-0.033,0.581,0.00
132.98993,-0.030,0.640,0.00
133.00070,-0.024,0.640,0.00
133.01090,-0.024,0.697,0.00
133.02106,-0.020,0.743,0.00
133.03124,-0.020,0.743,0.00
133.04271,-0.019,0.781,0.00
133.05288,-0.019,0.781,0.00
133.06325,-0.016,0.796,0.00
133.07401,-0.016,0.796,0.00
133.08417,-0.010,0.794,0.00
133.09436,-0.010,0.794,0.00
133.10451,-0.003,0.782,0.00
133.11467,-0.003,0.782,0.00
133.12482,0.008,0.767,0.00
133.13497,0.008,0.767,0.00
133.14605,0.015,0.741,0.00
133.15663,0.015,0.741,0.00
133.16678,0.017,0.713,0.00
133.17693,0.017,0.713,0.00
133.18709,0.020,0.691,0.00
133.19734,0.020,0.691,0.00
133.20749,0.025,0.665,0.00
133.21766,0.025,0.651,0.00
133.22782,0.030,0.651,0.00
133.23799,0.034,0.641,0.00
133.24822,0.034,0.641,0.00
133.25839,0.034,0.641,0.00
133.26876,0.034,0.641,0.00
133.27929,0.049,0.641,0.00
133.28983,0.049,0.641,0.00
133.29999,0.049,0.641,0.00
133.31014,0.049,0.641,0.00
133.32039,0.049,0.641,0.00
133.33082,0.091,0.646,0.00
133.34094,0.119,0.657,0.00
133.35109,0.119,0.661,0.00
133.36130,0.164,0.655,0.00
133.37147,0.253,0.655,0.00
133.38171,0.253,0.649,0.00
133.39189,0.400,0.649,0.00
133.40207,0.621,0.645,0.00
133.41225,0.621,0.645,0.00
133.42241,0.621,0.645,0.00
133.43258,0.845,0.638,0.00
133.44274,0.845,0.638,0.00
133.45291,1.158,0.638,0.00
133.46319,1.749,0.643,0.00
133.47381,1.749,0.643,0.00
133.48508,2.364,0.656,0.00
133.49523,2.364,0.656,0.00
133.50591,2.935,0.670,0.00
133.51607,2.935,0.670,0.00
133.52650,3.491,0.687,0.00
133.53727,3.491,0.687,0.00
133.54743,4.119,0.706,0.00
133.55789,4.119,0.706,0.00
133.56878,4.815,0.720,0.00
133.57895,5.572,0.720,0.00
133.58910,5.572,0.736,0.00
133.59936,5.572,0.736,0.00
133.60952,6.395,0.752,0.00
133.61968,7.262,0.752,0.00
133.62983,7.262,0.766,0.00
133.63999,7.262,0.790,0.00
133.65015,8.194,0.790,0.00
133.66031,8.194,0.811,0.00
133.67047,9.182,0.811,0.00
133.68062,10.205,0.833,0.00
133.69200,10.205,0.833,0.00
133.70219,11.261,0.833,0.00
133.71234,11.261,0.847,0.00
133.73971,12.241,0.848,10.00
133.74990,12.241,0.848,10.00
133.76006,13.449,0.848,10.00
133.77182,13.449,0.848,10.00
133.78214,13.449,0.852,10.00
133.79230,16.029,0.850,10.00
133.80414,16.029,0.837,10.00
133.81532,17.374,0.837,10.00
133.82549,18.724,0.828,10.00
133.83569,18.724,0.828,10.00
133.84588,20.064,0.827,10.00
133.85605,20.064,0.827,10.00
133.86905,21.393,0.832,10.00
133.87921,21.393,0.847,10.00
133.88948,22.711,0.847,10.00
133.89991,22.711,0.857,10.00
133.91007,23.973,0.857,10.00
133.92023,23.973,0.857,10.00
133.94977,23.973,0.857,10.00
133.95996,26.257,0.870,10.00
133.97978,27.340,0.990,10.00
133.99019,28.363,1.113,10.00
134.01231,29.316,1.223,10.00
134.02249,30.192,1.223,10.00
134.05036,30.192,1.362,10.00
134.06055,30.990,1.515,10.00
134.07558,30.990,1.515,10.50
134.08574,31.707,1.704,10.50
134.09590,32.343,1.899,10.50
134.10793,32.885,1.899,10.50
134.11812,32.885,2.087,10.50
134.12827,33.327,2.285,10.50
134.13970,33.655,2.285,10.50
134.15013,33.655,2.476,10.50
134.16043,33.655,2.476,10.50
134.17148,33.655,2.476,10.50
134.18198,33.871,2.674,10.50
134.19215,33.985,2.884,10.50
134.21982,34.010,3.230,10.50
134.22997,33.940,3.230,10.50
134.25227,33.777,3.230,10.50
134.26256,33.567,3.554,10.50
134.28457,33.313,3.554,11.00
134.29505,33.313,3.684,11.00
134.31707,32.996,3.803,11.00
134.32744,32.638,3.916,11.00
134.34937,32.259,4.043,11.00
134.35971,31.857,4.166,11.00
134.36987,31.857,4.166,11.00
134.38004,31.857,4.166,11.00
134.39022,31.408,4.293,11.00
134.40038,31.408,4.293,11.00
134.41161,30.905,4.423,11.50
134.42177,30.905,4.423,11.50
134.43199,30.905,4.423,11.50
134.44353,30.905,4.423,11.50
134.45370,30.905,4.423,11.50
134.46386,30.905,4.423,11.50
134.47628,30.905,4.423,11.50
134.48677,30.353,4.548,11.50
134.49692,29.106,4.772,11.50
134.50714,28.421,4.848,11.50
134.52381,28.421,4.929,12.00
134.53544,26.874,4.929,12.00
134.55534,25.988,4.925,12.00
134.56553,25.062,4.906,12.00
134.58759,25.062,4.906,12.00
134.59775,24.081,4.860,12.00
134.60791,23.047,4.818,12.00
134.61975,21.968,4.818,12.50
134.62993,21.968,4.772,12.50
134.64010,20.844,4.772,12.50
134.65203,20.844,4.738,12.50
134.66236,19.711,4.709,12.50
134.67289,19.711,4.709,12.50
134.68419,18.532,4.698,12.50
134.69465,18.532,4.698,12.50
134.70496,17.301,4.714,12.50
134.71614,17.301,4.714,13.00
134.72671,16.054,4.731,13.00
134.73692,16.054,4.731,13.00
134.74821,14.774,4.756,13.00
134.75855,13.468,4.811,13.00
134.76900,13.468,4.811,13.00
134.79748,13.468,4.874,13.00
134.80769,10.882,4.961,13.00
134.83201,9.625,5.067,13.00
134.84216,8.398,5.198,13.00
134.85969,8.398,5.198,13.50
134.86988,8.398,5.333,13.50
134.89188,7.203,5.477,13.50
134.90222,6.062,5.639,13.50
134.91254,5.004,5.639,13.50
134.92435,5.004,5.819,13.50
134.93457,3.992,5.819,13.50
134.94481,3.064,6.013,13.50
134.95617,3.064,6.013,14.00
134.96678,2.125,6.247,14.00
134.97733,2.125,6.247,14.00
134.98751,2.125,6.247,14.00
134.99792,2.125,6.247,14.00
135.00808,0.732,6.844,14.00
135.01950,0.732,6.844,14.00
135.02981,0.405,7.218,14.00
135.03997,0.405,7.218,14.00
135.06750,0.298,7.639,14.00
135.07774,0.278,8.079,14.00
135.10206,0.306,8.927,14.50
135.11224,0.303,8.927,14.50
135.13231,0.273,9.364,14.50
135.14247,0.273,9.364,14.50
135.15264,0.273,9.364,14.50
135.16446,0.213,10.227,14.50
135.17567,0.213,10.227,14.50
135.18584,0.192,10.638,14.50
135.19618,0.192,10.638,14.50
135.20664,0.165,11.076,14.50
135.21706,0.165,11.076,14.50
135.24451,0.165,11.076,14.50
135.25468,0.220,11.949,14.50
135.27719,0.315,12.901,14.50
135.28739,0.461,12.901,14.50
135.30783,0.461,12.901,15.00
135.31801,0.587,13.502,15.00
135.34138,0.711,14.294,15.00
135.35157,0.899,15.088,15.00
135.37156,0.899,15.088,15.00
135.38174,1.216,15.948,15.00
135.39191,1.526,16.823,15.00
135.40792,1.818,17.666,15.00
135.41810,1.818,17.666,15.00
135.43609,2.070,18.442,15.00
135.44652,2.269,19.198,15.00
135.45682,2.269,19.198,15.00
135.46792,2.269,19.198,15.00
135.47812,2.440,19.809,15.00
135.48828,2.579,20.391,15.00
135.50014,2.579,20.391,15.00
135.51039,2.579,20.391,15.00
135.52079,2.696,20.747,15.00
135.53338,2.788,21.089,15.00
135.54407,2.794,21.402,15.00
135.55443,2.794,21.402,15.00
135.58000,2.701,22.076,15.00
135.59048,2.701,22.076,15.00
135.61234,2.613,22.472,15.00
135.62273,2.488,22.886,15.00
135.64404,2.488,22.886,15.00
135.65431,2.341,23.359,15.00
135.67779,2.185,24.189,15.00
135.68794,2.009,24.189,15.00
135.70756,2.009,24.189,15.00
135.71774,1.848,24.632,15.00
135.72792,1.696,25.112,15.00
135.73947,1.696,25.112,15.00
135.74966,1.567,25.645,15.00
135.75987,1.567,25.645,15.00
135.77214,1.482,26.293,15.00
135.78288,1.420,26.990,15.00
135.79319,1.420,26.990,15.00
135.80345,1.420,26.990,15.00
135.81377,1.376,27.843,15.00
135.82393,1.360,28.611,15.00
135.83644,1.360,28.611,15.00
135.84670,1.392,29.319,15.00
135.85689,1.392,29.319,15.00
135.88481,1.413,30.353,15.00
135.89500,1.449,30.353,15.00
135.91555,1.449,30.353,15.00
135.92574,1.484,30.706,15.00
135.94761,1.527,30.994,15.00
135.95802,1.584,31.207,15.00
135.98025,1.646,31.454,15.00
135.99041,1.646,31.454,15.00
136.00059,1.646,31.454,15.00
136.01210,1.646,31.454,15.00
136.02245,1.796,31.910,15.00
136.03295,1.873,32.128,15.00
136.04540,1.947,32.336,15.00
136.05578,1.947,32.336,15.00
136.06642,1.947,32.336,15.00
136.07658,1.947,32.336,15.00
136.08674,1.947,32.336,15.00
136.09689,2.014,32.519,15.00
136.12438,2.139,32.889,15.00
136.13490,2.139,32.889,15.00
136.14522,2.160,32.958,0.00
136.15658,2.160,32.958,0.00
136.16674,2.165,33.009,0.00
136.17702,2.165,33.009,0.00
136.18737,2.162,33.032,0.00
136.19777,2.162,33.032,0.00
136.20795,2.144,33.058,0.00
136.21811,2.144,33.071,0.00
136.22849,2.105,33.071,0.00
136.23925,2.042,33.096,0.00
136.24948,2.042,33.096,0.00
136.25976,1.948,33.120,0.00
136.27145,1.948,33.120,0.00
136.28171,1.821,33.120,0.00
136.29187,1.821,33.150,0.00
136.30202,1.676,33.188,0.00
136.31218,1.676,33.188,0.00
136.32234,1.527,33.218,0.00
136.33250,1.527,33.218,0.00
136.34265,1.397,33.255,0.00
136.35280,1.397,33.255,0.00
136.36295,1.291,33.280,0.00
136.37312,1.291,33.280,0.00
136.38327,1.224,33.319,0.00
136.39346,1.224,33.319,0.00
136.40362,1.178,33.324,0.00
136.41377,1.178,33.324,0.00
136.42469,1.128,33.272,0.00
136.43484,1.128,33.272,0.00
136.44499,1.096,33.113,0.00
136.45516,1.096,33.113,0.00
136.46531,1.076,32.822,0.00
136.47601,1.076,32.822,0.00
136.48618,1.048,32.822,0.00
136.49634,1.048,32.393,0.00
136.50649,1.023,31.885,0.00
136.51685,1.023,31.885,0.00
136.52700,1.009,31.356,0.00
136.53717,1.009,31.356,0.00
136.54732,1.007,30.839,0.00
136.55748,1.014,30.839,0.00
136.56764,1.014,30.319,0.00
136.57797,1.014,30.319,0.00
136.58813,1.035,29.815,0.00
136.59829,1.035,29.815,0.00
136.60845,1.064,29.314,0.00
136.61860,1.064,29.314,0.00
136.62895,1.089,28.918,0.00
136.63951,1.108,28.554,0.00
136.64968,1.108,28.554,0.00
136.65984,1.112,28.176,0.00
136.67001,1.112,28.176,0.00
136.68017,1.103,27.751,0.00
136.69034,1.103,27.751,0.00
136.70077,1.103,27.751,0.00
136.71121,1.092,27.272,0.00
136.72177,1.092,27.272,0.00
136.73193,1.085,26.737,0.00
136.74208,1.087,26.183,0.00
136.75236,1.087,26.183,0.00
136.76250,1.085,25.633,0.00
136.77267,1.085,25.633,0.00
136.78332,1.079,25.014,0.00
136.79349,1.079,25.014,0.00
136.80364,1.067,24.468,0.00
136.81380,1.067,24.468,0.00
136.82396,1.034,23.966,0.00
136.83412,1.034,23.966,0.00
136.84519,0.980,23.452,0.00
136.85538,0.980,23.452,0.00
136.86554,0.942,22.927,0.00
136.87743,0.942,22.927,0.00
136.88779,0.886,22.358,0.00
136.89801,0.886,22.358,0.00
136.90816,0.830,21.814,0.00
136.91831,0.830,21.814,0.00
136.92850,0.830,21.814,0.00
136.93902,0.763,21.814,0.00
136.94919,0.720,20.760,0.00
136.95935,0.720,20.232,0.00
136.96954,0.685,20.232,0.00
136.97971,0.685,19.687,0.00
136.98987,0.663,19.687,0.00
137.00003,0.663,19.687,0.00
137.01019,0.645,19.105,0.00
137.02046,0.633,18.548,0.00
137.03073,0.633,18.548,0.00
137.04105,0.621,17.997,0.00
137.05123,0.621,17.997,0.00
137.06139,0.586,17.997,0.00
137.07154,0.586,17.410,0.00
137.08181,0.547,16.818,0.00
137.09196,0.547,16.818,0.00
137.10212,0.636,16.187,0.00
137.11227,0.636,16.187,0.00
137.12242,0.552,16.187,0.00
137.13287,0.552,15.632,0.00
137.14439,0.552,15.632,0.00
137.15458,0.513,15.053,0.00
137.16474,0.485,14.491,0.00
137.17489,0.485,14.491,0.00
137.18505,0.485,14.491,0.00
137.19540,0.470,13.987,0.00
137.20595,0.470,13.987,0.00
137.21618,0.465,13.427,0.00
137.22681,0.462,12.841,0.00
137.23726,0.462,12.841,0.00
137.24774,0.463,12.185,0.00
137.25819,0.463,12.185,0.00
137.26856,0.461,11.267,0.00
137.27892,0.460,10.340,0.00
137.28925,0.460,10.340,0.00
137.29967,0.460,10.340,0.00
137.30984,0.468,9.293,0.00
137.32000,0.468,8.188,0.00
137.33017,0.484,8.188,0.00
137.34032,0.484,8.188,0.00
137.35048,0.484,8.188,0.00
137.36064,0.513,7.048,0.00
137.37080,0.549,5.905,0.00
137.38096,0.549,5.905,0.00
137.39114,0.549,5.905,0.00
137.40127,0.583,4.800,0.00
137.41143,0.618,3.785,0.00
137.42183,0.673,2.733,0.00
137.43199,0.673,2.733,0.00
137.44225,0.673,2.733,0.00
137.45240,0.735,1.926,0.00
137.46359,0.791,1.192,0.00
137.47377,0.791,1.192,0.00
137.48393,0.827,0.573,0.00
137.49429,0.827,0.573,0.00
137.50676,0.842,0.012,0.00
137.51707,0.842,0.012,0.00
137.52723,0.850,-0.437,0.00
137.53749,0.850,-0.437,0.00
137.54764,0.850,-0.782,0.00
137.55780,0.849,-0.782,0.00
137.56796,0.836,-1.030,0.00
137.57818,0.836,-1.030,0.00
137.58832,0.813,-1.202,0.00
137.59847,0.780,-1.211,0.00
137.60878,0.780,-1.211,0.00
137.61896,0.740,-1.211,0.00
137.62928,0.740,-1.185,0.00
137.63965,0.693,-1.185,0.00
137.65501,0.693,-1.106,0.00
137.66675,0.641,-1.026,0.00
137.67706,0.585,-0.942,0.00
137.70068,0.529,-0.942,0.00
137.71530,0.529,-0.845,0.00
137.72616,0.475,-0.845,0.00
137.73657,0.475,-0.758,0.00
137.74694,0.475,-0.758,0.00
137.75861,0.420,-0.758,0.00
137.76929,0.370,-0.591,0.00
137.78019,0.370,-0.591,0.00
137.79124,0.326,-0.519,0.00
137.80211,0.286,-0.519,0.00
137.81265,0.286,-0.466,0.00
137.82869,0.250,-0.412,0.00
137.83888,0.221,-0.412,0.00
137.84940,0.221,-0.359,0.00
137.85979,0.221,-0.359,0.00
137.87584,0.203,-0.286,0.00
137.88621,0.232,-0.286,0.00
137.89657,0.232,-0.191,0.00
137.90697,0.315,-0.191,0.00
137.91773,0.315,-0.074,0.00
137.93416,0.269,0.022,0.00
137.94539,0.286,0.119,0.00
137.95554,0.286,0.119,0.00
137.96665,0.309,0.205,0.00
137.97682,0.309,0.205,0.00
137.98698,0.338,0.205,0.00
137.99711,0.338,0.279,0.00
138.00799,0.370,0.342,0.00
138.02447,0.370,0.342,0.00
138.03794,0.410,0.389,0.00
138.05336,0.450,0.415,0.00
138.06779,0.450,0.415,0.00
138.07997,0.484,0.430,0.00
138.09084,0.514,0.428,0.00
138.10127,0.514,0.423,0.00
138.11168,0.536,0.423,0.00
138.12218,0.536,0.419,0.00
138.13231,0.553,0.419,0.00
138.14321,0.567,0.419,0.00
138.15915,0.567,0.417,0.00
138.16947,0.572,0.417,0.00
138.17997,0.572,0.389,0.00
138.19024,0.569,0.389,0.00
138.20064,0.569,0.372,0.00
138.21101,0.561,0.372,0.00
138.22140,0.561,0.356,0.00
138.23212,0.546,0.356,0.00
138.24239,0.546,0.356,0.00
138.25276,0.527,0.356,0.00
138.26828,0.527,0.348,0.00
138.28418,0.481,0.353,0.00
138.29447,0.481,0.353,0.00
138.30485,0.453,0.353,0.00
138.31524,0.453,0.357,0.00
138.32657,0.453,0.357,0.00
138.33742,0.426,0.357,0.00
138.34794,0.426,0.355,0.00
138.35872,0.397,0.355,0.00
138.36898,0.397,0.355,0.00
138.38943,0.371,0.345,0.00
138.40084,0.347,0.306,0.00
138.41148,0.325,0.306,0.00
138.42221,0.325,0.283,0.00
138.43813,0.303,0.283,0.00
138.45183,0.284,0.283,0.00
138.46250,0.284,0.283,0.00
138.47466,0.268,0.239,0.00
138.49809,0.258,0.226,0.00
138.50964,0.252,0.210,0.00
138.52263,0.252,0.210,0.00
138.53815,0.248,0.193,0.00
138.55051,0.248,0.193,0.00
138.56642,0.243,0.171,0.00
138.58663,0.242,0.112,0.00
138.59820,0.242,0.112,0.00
138.60969,0.244,0.081,0.00
138.62543,0.246,0.081,0.00
138.64203,0.246,0.054,0.00
138.73050,0.246,-0.006,0.00
138.74067,0.229,-0.006,0.00
138.80943,0.203,-0.006,0.00
138.82153,-0.175,-0.210,0.00
138.83385,-0.175,-0.210,0.00
138.84531,-0.182,-0.202,0.00
138.85553,-0.182,-0.202,0.00
138.86569,-0.187,-0.194,0.00
138.87584,-0.187,-0.194,0.00
138.88599,-0.187,-0.194,0.00
138.89614,-0.187,-0.176,0.00
138.90657,-0.187,-0.176,0.00
138.91686,-0.192,-0.172,0.00
138.92703,-0.192,-0.172,0.00
138.93720,-0.201,-0.167,0.00
138.94736,-0.201,-0.167,0.00
138.95752,-0.201,-0.167,0.00
138.96768,-0.201,-0.167,0.00
138.98027,-0.201,-0.167,0.00
138.99044,-0.220,-0.163,0.00
139.00076,-0.228,-0.144,0.00
139.01094,-0.228,-0.144,0.00
139.02141,-0.228,-0.144,0.00
139.03158,-0.228,-0.144,0.00
139.04177,-0.241,-0.135,0.00
139.05267,-0.263,-0.110,0.00
139.06288,-0.263,-0.110,0.00
139.07304,-0.279,-0.100,0.00
139.08320,-0.293,-0.092,0.00
139.09336,-0.293,-0.092,0.00
139.10353,-0.305,-0.088,0.00
139.11372,-0.305,-0.088,0.00
139.12400,-0.319,-0.090,0.00
139.13461,-0.319,-0.090,0.00
139.14480,-0.319,-0.090,0.00
139.15496,-0.331,-0.093,0.00
139.16542,-0.340,-0.093,0.00
139.17560,-0.340,-0.093,0.00
139.18575,-0.340,-0.097,0.00
139.19599,-0.345,-0.097,0.00
139.20607,-0.347,-0.097,0.00
139.21646,-0.347,-0.097,0.00
139.22671,-0.348,-0.095,0.00
139.23714,-0.348,-0.095,0.00
139.24744,-0.351,-0.091,0.00
139.25801,-0.351,-0.091,0.00
139.26816,-0.355,-0.089,0.00
139.27843,-0.355,-0.089,0.00
139.28859,-0.360,-0.089,0.00
139.29894,-0.360,-0.088,0.00
139.30899,-0.365,-0.088,0.00
139.31915,-0.365,-0.088,0.00
139.32931,-0.367,-0.087,0.00
139.33946,-0.367,-0.087,0.00
139.34963,-0.367,-0.086,0.00
139.35979,-0.367,-0.086,0.00
139.37001,-0.365,-0.086,0.00
139.38047,-0.361,-0.088,0.00
139.39079,-0.361,-0.088,0.00
139.40125,-0.360,-0.091,0.00
139.41157,-0.360,-0.091,0.00
139.42195,-0.361,-0.093,0.00
139.43232,-0.361,-0.093,0.00
139.44441,-0.364,-0.093,0.00
139.45488,-0.364,-0.093,0.00
139.46524,-0.361,-0.091,0.00
139.47551,-0.361,-0.091,0.00
139.48609,-0.355,-0.086,0.00
139.49618,-0.355,-0.086,0.00
139.50639,-0.347,-0.081,0.00
139.51727,-0.347,-0.081,0.00
139.52745,-0.340,-0.080,0.00
139.53772,-0.340,-0.080,0.00
139.54791,-0.333,-0.079,0.00
139.55807,-0.333,-0.079,0.00
139.56849,-0.333,-0.079,0.00
139.57864,-0.328,-0.073,0.00
139.58880,-0.320,-0.073,0.00
139.59897,-0.320,-0.069,0.00
139.60917,-0.311,-0.069,0.00
139.61932,-0.304,-0.069,0.00
139.62947,-0.304,-0.061,0.00
139.64009,-0.304,-0.061,0.00
139.65049,-0.295,-0.053,0.00
139.66065,-0.284,-0.053,0.00
139.67137,-0.284,-0.048,0.00
139.68188,-0.284,-0.041,0.00
139.69214,-0.275,-0.041,0.00
139.70236,-0.275,-0.041,0.00
139.71251,-0.275,-0.041,0.00
139.72339,-0.252,-0.028,0.00
139.73365,-0.252,-0.028,0.00
139.74381,-0.239,-0.015,0.00
139.75401,-0.239,-0.015,0.00
139.76429,-0.225,0.003,0.00
139.77444,-0.225,0.003,0.00
139.78460,-0.214,0.025,0.00
139.79475,-0.214,0.025,0.00
139.80493,-0.205,0.046,0.00
139.81513,-0.205,0.046,0.00
139.82625,-0.195,0.067,0.00
139.83643,-0.195,0.067,0.00
139.84667,-0.184,0.096,0.00
139.85698,-0.184,0.096,0.00
139.86732,-0.174,0.126,0.00
139.87750,-0.174,0.156,0.00
139.88765,-0.163,0.156,0.00
139.89784,-0.163,0.156,0.00
139.90806,-0.152,0.185,0.00
139.91822,-0.143,0.185,0.00
139.92837,-0.143,0.217,0.00
139.93853,-0.143,0.217,0.00
139.94888,-0.132,0.249,0.00
139.95918,-0.122,0.282,0.00
139.96934,-0.122,0.282,0.00
139.97958,-0.122,0.312,0.00
139.98995,-0.111,0.312,0.00
140.00030,-0.111,0.312,0.00
140.01061,-0.111,0.344,0.00
140.02094,-0.102,0.370,0.00
140.03125,-0.094,0.370,0.00
140.04140,-0.087,0.397,0.00
140.05181,-0.087,0.397,0.00
140.06202,-0.082,0.397,0.00
140.07217,-0.082,0.419,0.00
140.08304,-0.078,0.441,0.00
140.09321,-0.078,0.441,0.00
140.10334,-0.071,0.441,0.00
140.11437,-0.071,0.462,0.00
140.12455,-0.066,0.479,0.00
140.13475,-0.066,0.479,0.00
140.14491,-0.063,0.496,0.00
140.15593,-0.063,0.496,0.00
140.16608,-0.053,0.510,0.00
140.17675,-0.053,0.510,0.00
140.18691,-0.037,0.521,0.00
140.19727,-0.037,0.521,0.00
140.20999,-0.037,0.521,0.00
140.22019,0.000,0.527,0.00
140.23034,0.000,0.530,0.00
140.24085,0.014,0.526,0.00
140.25109,0.014,0.526,0.00
140.26125,0.031,0.517,0.00
140.27172,0.031,0.517,0.00
140.28191,0.031,0.503,0.00
140.29208,0.102,0.503,0.00
140.30239,0.415,0.484,0.00
140.31255,0.415,0.484,0.00
140.32275,0.415,0.460,0.00
140.33604,0.565,0.460,0.00
140.34628,0.851,0.436,0.00
140.35712,0.851,0.436,0.00
140.36736,1.252,0.412,0.00
140.37790,1.252,0.389,0.00
140.38813,1.700,0.389,0.00
140.39829,1.700,0.389,0.00
140.40844,2.181,0.365,0.00
140.41861,2.749,0.365,0.00
140.42889,2.749,0.342,0.00
140.43909,2.749,0.318,0.00
140.44979,3.330,0.318,0.00
140.45994,3.876,0.289,0.00
140.47029,3.876,0.289,0.00
140.48064,3.876,0.289,0.00
140.49081,4.386,0.262,0.00
140.50097,4.941,0.233,0.00
140.51112,4.941,0.233,0.00
140.52144,5.581,0.233,0.00
140.53175,5.581,0.213,0.00
140.54191,6.308,0.199,0.00
140.55210,6.308,0.199,0.00
140.56236,7.033,0.191,0.00
140.57252,7.033,0.191,0.00
140.58280,7.757,0.179,0.00
140.59296,7.757,0.179,0.00
140.60339,8.472,0.166,0.00
140.61381,8.472,0.166,0.00
140.62406,9.238,0.154,0.00
140.63428,9.238,0.154,0.00
140.64444,10.042,0.146,0.00
140.66760,10.042,0.148,0.00
140.67800,10.998,0.153,0.00
140.70011,12.094,0.153,10.00
140.71029,13.251,0.162,10.00
140.73336,14.479,0.178,10.00
140.74461,15.687,0.189,10.00
140.76640,16.898,0.189,10.00
140.77657,16.898,0.201,10.00
140.79623,18.102,0.215,10.00
140.80832,19.289,0.237,10.00
140.82731,19.289,0.237,10.00
140.83755,20.474,0.267,10.00
140.84770,21.649,0.296,10.00
140.85959,22.815,0.296,10.00
140.86996,22.815,0.323,10.00
140.88030,23.938,0.323,10.00
140.89212,23.938,0.344,10.00
140.90240,25.036,0.360,10.00
140.91256,25.036,0.360,10.00
140.92522,26.137,0.360,10.00
140.93542,26.137,0.467,10.00
140.94592,27.248,0.611,10.00
140.95793,28.349,0.765,10.00
140.96807,28.349,0.765,10.00
140.97984,28.349,0.765,10.00
141.00408,29.421,0.941,10.00
141.01471,30.427,1.105,10.00
141.03601,30.427,1.270,10.50
141.04636,32.229,1.433,10.50
141.05667,32.229,1.433,10.50
141.06813,33.022,1.590,10.50
141.07833,33.742,1.747,10.50
141.08865,33.742,1.747,10.50
141.10110,33.742,1.747,10.50
141.11196,34.390,1.914,10.50
141.12244,34.390,1.914,10.50
141.13450,34.961,2.083,10.50
141.14466,35.456,2.286,10.50
141.15481,35.456,2.286,10.50
141.16550,35.870,2.460,10.50
141.17565,35.870,2.460,10.50
141.18631,36.215,2.628,10.50
141.19653,36.215,2.628,10.50
141.20692,36.215,2.779,10.50
141.21708,36.507,2.779,10.50
141.24730,36.906,3.004,11.00
141.25787,36.906,3.004,11.00
141.27597,36.906,3.078,11.00
141.28691,37.099,3.150,11.00
141.30882,37.120,3.222,11.00
141.32036,37.120,3.222,11.00
141.34192,37.079,3.305,11.00
141.35209,36.985,3.397,11.00
141.37218,36.847,3.499,11.50
141.38246,36.847,3.602,11.50
141.39262,36.664,3.602,11.50
141.40421,36.434,3.685,11.50
141.41476,36.434,3.685,11.50
141.42491,36.146,3.755,11.50
141.43519,36.146,3.755,11.50
141.44536,35.804,3.755,11.50
141.45628,35.804,3.803,11.50
141.46943,35.419,3.835,12.00
141.47970,35.419,3.835,12.00
141.48987,34.996,3.850,12.00
141.50004,34.518,3.854,12.00
141.51033,34.518,3.854,12.00
141.52088,33.980,3.858,12.00
141.53175,33.980,3.858,12.00
141.54191,33.980,3.858,12.00
141.55207,33.405,3.858,12.00
141.57927,32.809,3.862,12.00
141.58946,32.190,3.884,12.00
141.61175,31.549,3.901,12.50
141.62270,30.858,3.921,12.50
141.64437,30.858,3.944,12.50
141.65464,30.092,3.944,12.50
141.67592,29.247,3.972,12.50
141.68609,28.368,4.007,12.50
141.69625,28.368,4.007,12.50
141.70798,27.471,4.069,13.00
141.71830,26.533,4.132,13.00
141.72858,26.533,4.132,13.00
141.73992,26.533,4.132,13.00
141.75008,25.529,4.209,13.00
141.76032,25.529,4.297,13.00
141.77236,24.500,4.297,13.00
141.78252,24.500,4.297,13.00
141.79283,24.500,4.297,13.00
141.80375,24.500,4.297,13.50
141.81409,24.500,4.297,13.50
141.82427,24.500,4.297,13.50
141.83639,23.483,4.394,13.50
141.84663,22.440,4.476,13.50
141.85680,20.191,4.631,13.50
141.86700,19.082,4.722,13.50
141.88520,18.022,4.722,13.50
141.89534,18.022,4.846,13.50
141.91539,16.961,5.007,14.00
141.92573,16.961,5.199,14.00
141.93591,15.878,5.199,14.00
141.94758,14.801,5.199,14.00
141.95809,14.801,5.463,14.00
141.96826,13.769,5.733,14.00
141.98251,13.769,5.733,14.00
141.99268,12.775,6.013,14.00
142.00308,11.826,6.302,14.00
142.01354,11.826,6.302,14.00
142.02390,10.930,6.584,14.00
142.03426,10.930,6.584,14.00
142.04421,10.073,6.889,14.50
142.05550,10.073,6.889,14.50
142.06731,9.242,7.185,14.50
142.07754,9.242,7.185,14.50
142.08770,8.419,7.487,14.50
142.09847,8.419,7.487,14.50
142.12370,7.601,8.127,14.50
142.13449,6.803,8.127,14.50
142.15767,6.018,8.438,14.50
142.16784,5.270,8.716,14.50
142.19105,5.270,8.716,14.50
142.20121,4.561,9.301,14.50
142.22003,3.953,9.301,14.50
142.23021,3.383,9.566,14.50
142.24038,3.383,9.566,14.50
142.25327,2.849,9.566,15.00
142.26355,2.356,10.191,15.00
142.27420,2.356,10.191,15.00
142.28490,1.925,10.617,15.00
142.29506,1.925,10.617,15.00
142.30521,1.595,11.153,15.00
142.31870,1.595,11.153,15.00
142.32885,1.312,11.801,15.00
142.33901,1.312,11.801,15.00
142.34918,1.138,12.542,15.00
142.35943,1.138,12.542,15.00
142.36966,1.024,13.326,15.00
142.37999,1.024,14.113,15.00
142.39027,0.954,14.113,15.00
142.40059,0.954,14.113,15.00
142.42792,0.894,14.869,15.00
142.43828,0.838,15.638,15.00
142.45981,0.894,16.624,15.00
142.47007,0.894,16.624,15.00
142.49185,0.995,16.933,15.00
142.50212,1.081,17.222,15.00
142.52449,1.081,17.544,15.00
142.53650,1.181,17.544,15.00
142.55573,1.307,17.847,15.00
142.56720,1.307,17.847,15.00
142.57736,1.442,18.180,15.00
142.58779,1.587,18.180,15.00
142.59852,1.587,18.573,15.00
142.60872,1.776,18.944,15.00
142.62049,1.776,18.944,15.00
142.63068,1.965,19.368,15.00
142.64083,1.965,19.368,15.00
142.65162,2.125,19.835,15.00
142.66192,2.125,19.835,15.00
142.67213,2.247,20.383,15.00
142.68353,2.247,20.383,15.00
142.69377,2.374,20.954,15.00
142.70396,2.428,21.582,15.00
142.71412,2.428,21.582,15.00
142.73153,2.478,21.582,15.00
142.74174,2.478,22.968,15.00
142.76684,2.506,22.968,15.00
142.77708,2.556,23.605,15.00
142.79630,2.614,24.220,15.00
142.80646,2.614,24.775,15.00
142.81731,2.614,24.775,15.00
142.82771,2.595,24.775,15.00
142.83825,2.595,25.278,15.00
142.84841,2.542,25.706,15.00
142.86101,2.542,25.706,15.00
142.87118,2.490,26.146,15.00
142.88134,2.428,26.573,15.00
142.89214,2.428,26.573,15.00
142.90305,2.370,27.050,15.00
142.91340,2.370,27.050,15.00
142.92363,2.318,27.494,15.00
142.93382,2.318,27.494,15.00
142.94444,2.318,27.494,15.00
142.95641,2.250,27.966,15.00
142.96660,2.201,28.423,15.00
142.97697,2.201,28.423,15.00
143.00397,2.183,29.307,15.00
143.01420,2.166,29.307,15.00
143.03768,2.154,29.688,15.00
143.04786,2.152,30.036,15.00
143.06729,2.152,30.036,15.00
143.07753,2.161,30.369,15.00
143.08766,2.182,30.637,15.00
143.09782,2.182,30.637,0.00
143.10798,2.208,30.860,0.00
143.11814,2.245,31.043,0.00
143.12830,2.245,31.043,0.00
143.13846,2.245,31.043,0.00
143.14872,2.285,31.220,0.00
143.15888,2.285,31.220,0.00
143.16904,2.312,31.337,0.00
143.17920,2.312,31.337,0.00
143.18938,2.311,31.373,0.00
143.19954,2.311,31.373,0.00
143.20975,2.267,31.419,0.00
143.22021,2.267,31.419,0.00
143.23036,2.177,31.453,0.00
143.24053,2.055,31.485,0.00
143.25070,2.055,31.485,0.00
143.26086,1.917,31.515,0.00
143.27105,1.917,31.515,0.00
143.28124,1.798,31.523,0.00
143.29151,1.798,31.523,0.00
143.30179,1.798,31.546,0.00
143.31195,1.706,31.546,0.00
143.32221,1.706,31.544,0.00
143.33247,1.641,31.544,0.00
143.34262,1.600,31.479,0.00
143.35298,1.600,31.479,0.00
143.36353,1.574,31.351,0.00
143.37373,1.574,31.351,0.00
143.38401,1.574,31.105,0.00
143.39434,1.555,31.105,0.00
143.40459,1.531,30.672,0.00
143.41493,1.531,30.672,0.00
143.42517,1.500,30.196,0.00
143.43543,1.500,30.196,0.00
143.44568,1.469,29.682,0.00
143.45589,1.469,29.682,0.00
143.46607,1.453,29.172,0.00
143.47642,1.453,29.172,0.00
143.48660,1.453,28.708,0.00
143.49678,1.457,28.708,0.00
143.50696,1.478,28.273,0.00
143.51728,1.478,27.870,0.00
143.52775,1.497,27.870,0.00
143.53806,1.497,27.870,0.00
143.54846,1.497,27.516,0.00
143.55880,1.514,27.516,0.00
143.56914,1.531,27.186,0.00
143.57947,1.531,27.186,0.00
143.59002,1.531,27.186,0.00
143.60018,1.545,26.647,0.00
143.61051,1.545,26.647,0.00
143.62070,1.543,26.342,0.00
143.63086,1.543,26.342,0.00
143.64103,1.530,25.996,0.00
143.65120,1.530,25.996,0.00
143.66135,1.530,25.606,0.00
143.67168,1.507,25.606,0.00
143.68185,1.492,25.169,0.00
143.69201,1.492,25.169,0.00
143.70217,1.482,25.169,0.00
143.71233,1.482,24.745,0.00
143.72249,1.467,24.323,0.00
143.73265,1.467,24.323,0.00
143.74280,1.442,24.005,0.00
143.75296,1.442,24.005,0.00
143.76317,1.442,24.005,0.00
143.77376,1.415,23.710,0.00
143.78403,1.380,23.426,0.00
143.79420,1.380,23.426,0.00
143.80435,1.337,23.135,0.00
143.81460,1.337,23.135,0.00
143.82511,1.275,22.821,0.00
143.83527,1.275,22.821,0.00
143.84551,1.209,22.503,0.00
143.85575,1.209,22.503,0.00
143.86627,1.160,22.188,0.00
143.87766,1.160,22.188,0.00
143.88789,1.084,21.815,0.00
143.89804,1.025,21.457,0.00
143.90820,1.025,21.457,0.00
143.91837,0.969,21.051,0.00
143.92864,0.969,21.051,0.00
143.93880,0.969,21.051,0.00
143.94900,0.926,20.606,0.00
143.95916,0.887,20.606,0.00
143.96933,0.887,20.150,0.00
143.97948,0.843,19.671,0.00
143.98971,0.843,19.671,0.00
144.00125,0.843,19.671,0.00
144.01144,0.804,19.174,0.00
144.02180,0.785,18.642,0.00
144.03196,0.785,18.642,0.00
144.04212,0.766,17.994,0.00
144.05228,0.766,17.994,0.00
144.06306,0.725,17.455,0.00
144.07322,0.725,17.455,0.00
144.08343,0.663,16.913,0.00
144.09368,0.663,16.913,0.00
144.10385,0.605,16.400,0.00
144.11407,0.605,16.400,0.00
144.12494,0.552,15.909,0.00
144.13515,0.552,15.909,0.00
144.14531,0.506,15.438,0.00
144.15620,0.506,15.438,0.00
144.16635,0.492,14.975,0.00
144.17651,0.492,14.975,0.00
144.18667,0.526,14.480,0.00
144.19853,0.475,14.480,0.00
144.20882,0.475,13.802,0.00
144.21915,0.475,13.802,0.00
144.22943,0.458,13.120,0.00
144.23976,0.458,13.120,0.00
144.25008,0.440,12.222,0.00
144.26040,0.440,12.222,0.00
144.27078,0.425,11.249,0.00
144.28092,0.425,10.183,0.00
144.29108,0.414,10.183,0.00
144.30124,0.414,10.183,0.00
144.31140,0.414,9.020,0.00
144.32167,0.437,7.807,0.00
144.33183,0.437,7.807,0.00
144.34202,0.437,7.807,0.00
144.35217,0.437,7.807,0.00
144.36233,0.450,7.807,0.00
144.37247,0.461,5.199,0.00
144.38263,0.461,5.199,0.00
144.39278,0.461,5.199,0.00
144.40301,0.461,5.199,0.00
144.41317,0.472,4.044,0.00
144.42378,0.481,2.982,0.00
144.43494,0.500,2.015,0.00
144.44509,0.522,1.192,0.00
144.45525,0.522,1.192,0.00
144.46540,0.543,0.498,0.00
144.47559,0.543,0.498,0.00
144.48591,0.568,-0.097,0.00
144.49621,0.568,-0.097,0.00
144.50658,0.595,-0.578,0.00
144.51693,0.595,-1.043,0.00
144.52724,0.616,-1.043,0.00
144.53785,0.616,-1.043,0.00
144.54803,0.627,-1.346,0.00
144.55818,0.627,-1.346,0.00
144.56834,0.619,-1.570,0.00
144.57850,0.619,-1.570,0.00
144.58866,0.596,-1.766,0.00
144.60082,0.558,-1.766,0.00
144.61136,0.558,-1.917,0.00
144.62722,0.558,-1.917,0.00
144.64504,0.469,-2.070,0.00
144.65922,0.469,-2.178,0.00
144.67037,0.469,-2.224,0.00
144.70036,0.436,-2.206,0.00
144.71305,0.361,-2.135,0.00
144.72369,0.361,-2.061,0.00
144.73438,0.326,-2.061,0.00
144.74473,0.275,-2.061,0.00
144.76124,0.193,-1.820,0.00
144.77143,0.193,-1.820,0.00
144.78247,0.122,-1.749,0.00
144.79266,0.122,-1.749,0.00
144.80317,0.122,-1.687,0.00
144.81344,0.065,-1.687,0.00
144.82411,0.065,-1.687,0.00
144.83564,0.077,-1.622,0.00
144.85325,-0.016,-1.536,0.00
144.86453,-0.016,-1.536,0.00
144.87513,-0.016,-1.536,0.00
144.89200,-0.131,-1.356,0.00
144.90438,-0.131,-1.356,0.00
144.91539,-0.181,-1.275,0.00
144.93232,-0.219,-1.202,0.00
144.94922,-0.250,-1.145,0.00
144.96130,-0.250,-1.145,0.00
144.97250,-0.262,-1.100,0.00
144.98597,-0.262,-1.079,0.00
144.99623,-0.264,-1.079,0.00
145.00713,-0.264,-1.066,0.00
145.01747,-0.264,-1.062,0.00
145.03366,-0.242,-1.062,0.00
145.04634,-0.242,-1.062,0.00
145.07295,-0.205,-1.078,0.00
145.08894,-0.205,-1.093,0.00
145.09924,-0.182,-1.093,0.00
145.11000,-0.182,-1.114,0.00
145.12195,-0.130,-1.145,0.00
145.13333,-0.130,-1.145,0.00
145.14382,-0.130,-1.145,0.00
145.15875,-0.075,-1.169,0.00
145.18787,-0.053,-1.224,0.00
145.19836,-0.053,-1.241,0.00
145.21899,-0.035,-1.241,0.00
145.23945,-0.012,-1.247,0.00
145.26080,-0.006,-1.242,0.00
145.27725,-0.006,-1.242,0.00
145.29584,-0.005,-1.229,0.00
145.31184,-0.014,-1.215,0.00
145.32225,-0.014,-1.215,0.00
145.33521,-0.014,-1.215,0.00
145.36679,-0.073,-1.177,0.00
145.37699,-0.073,-1.177,0.00
145.38838,-0.104,-1.169,0.00
145.39856,-0.104,-1.169,0.00
145.41098,-0.139,-1.161,0.00
145.42665,-0.171,-1.160,0.00
145.43786,-0.171,-1.160,0.00
145.44883,-0.189,-1.160,0.00
145.45904,-0.189,-1.160,0.00
145.46974,-0.200,-1.160,0.00
145.48061,-0.200,-1.160,0.00
145.49740,-0.206,-1.175,0.00
145.50761,-0.206,-1.175,0.00
145.51987,-0.209,-1.184,0.00
145.53832,-0.204,-1.184,0.00
145.56288,-0.194,-1.218,0.00
145.57916,-0.194,-1.238,0.00
145.65503,-0.179,-1.308,0.00
145.71304,-0.093,-1.340,0.00
145.72726,-0.039,-1.354,0.00
145.73746,0.062,-0.147,0.00
145.74772,0.062,-0.154,0.00
145.75788,0.086,-0.158,0.00
145.76805,0.104,-0.158,0.00
145.77842,0.104,-0.162,0.00
145.78898,0.118,-0.162,0.00
145.79921,0.118,-0.162,0.00
145.80954,0.118,-0.162,0.00
145.81992,0.118,-0.166,0.00
145.83017,0.132,-0.174,0.00
145.84032,0.132,-0.174,0.00
145.85060,0.132,-0.174,0.00
145.86086,0.134,-0.181,0.00
145.87124,0.139,-0.189,0.00
145.88140,0.139,-0.189,0.00
145.89161,0.147,-0.204,0.00
145.90204,0.157,-0.204,0.00
145.91220,0.157,-0.221,0.00
145.92239,0.170,-0.239,0.00
145.93254,0.170,-0.239,0.00
145.94269,0.170,-0.239,0.00
145.95291,0.184,-0.239,0.00
145.96328,0.200,-0.279,0.00
145.97444,0.200,-0.279,0.00
145.98466,0.216,-0.298,0.00
145.99480,0.216,-0.298,0.00
146.00513,0.232,-0.322,0.00
146.01600,0.232,-0.322,0.00
146.02630,0.249,-0.351,0.00
146.03646,0.249,-0.351,0.00
146.04668,0.249,-0.351,0.00
146.05692,0.264,-0.380,0.00
146.06723,0.288,-0.402,0.00
146.07747,0.288,-0.402,0.00
146.08779,0.313,-0.424,0.00
146.09795,0.313,-0.424,0.00
146.10811,0.337,-0.443,0.00
146.11826,0.337,-0.443,0.00
146.12841,0.359,-0.461,0.00
146.13856,0.359,-0.461,0.00
146.14887,0.359,-0.461,0.00
146.15903,0.387,-0.472,0.00
146.16919,0.426,-0.481,0.00
146.17935,0.466,-0.487,0.00
146.18954,0.466,-0.487,0.00
146.19986,0.466,-0.487,0.00
146.21016,0.511,-0.490,0.00
146.22050,0.511,-0.490,0.00
146.23087,0.548,-0.490,0.00
146.24102,0.548,-0.490,0.00
146.25118,0.582,-0.491,0.00
146.26139,0.611,-0.486,0.00
146.27151,0.611,-0.486,0.00
146.28167,0.611,-0.486,0.00
146.29182,0.634,-0.480,0.00
146.30197,0.650,-0.471,0.00
146.31214,0.650,-0.471,0.00
146.32228,0.650,-0.471,0.00
146.33243,0.650,-0.471,0.00
146.34361,0.661,-0.462,0.00
146.35374,0.676,-0.455,0.00
146.36448,0.676,-0.455,0.00
146.37470,0.676,-0.455,0.00
146.38485,0.682,-0.448,0.00
146.39519,0.682,-0.448,0.00
146.40550,0.687,-0.437,0.00
146.41576,0.687,-0.437,0.00
146.42592,0.692,-0.420,0.00
146.43612,0.694,-0.404,0.00
146.44629,0.694,-0.388,0.00
146.45645,0.696,-0.388,0.00
146.46665,0.698,-0.373,0.00
146.47682,0.698,-0.373,0.00
146.48698,0.698,-0.373,0.00
146.49712,0.705,-0.366,0.00
146.50728,0.705,-0.366,0.00
146.51745,0.707,-0.358,0.00
146.52766,0.706,-0.354,0.00
146.53783,0.706,-0.354,0.00
146.54800,0.706,-0.354,0.00
146.55817,0.706,-0.354,0.00
146.56947,0.706,-0.338,0.00
146.57994,0.708,-0.338,0.00
146.59010,0.708,-0.327,0.00
146.60026,0.717,-0.327,0.00
146.61042,0.725,-0.318,0.00
146.62089,0.725,-0.308,0.00
146.63128,0.736,-0.308,0.00
146.64153,0.752,-0.296,0.00
146.65187,0.752,-0.296,0.00
146.66220,0.752,-0.288,0.00
146.67265,0.766,-0.288,0.00
146.68301,0.766,-0.288,0.00
146.69332,0.780,-0.281,0.00
146.70372,0.798,-0.275,0.00
146.71411,0.798,-0.275,0.00
146.72447,0.813,-0.283,0.00
146.73465,0.813,-0.283,0.00
146.74481,0.826,-0.292,0.00
146.75499,0.826,-0.292,0.00
146.76674,0.843,-0.302,0.00
146.77693,0.843,-0.302,0.00
146.78708,0.859,-0.310,0.00
146.79723,0.859,-0.310,0.00
146.80738,0.872,-0.320,0.00
146.81753,0.872,-0.320,0.00
146.82769,0.882,-0.333,0.00
146.83785,0.882,-0.333,0.00
146.84800,0.888,-0.349,0.00
146.85846,0.888,-0.349,0.00
146.86863,0.888,-0.349,0.00
146.87880,0.904,-0.362,0.00
146.88897,0.918,-0.377,0.00
146.89912,0.918,-0.377,0.00
146.90928,0.929,-0.389,0.00
146.92089,0.929,-0.403,0.00
146.93105,0.944,-0.403,0.00
146.94138,0.944,-0.403,0.00
146.95180,0.959,-0.418,0.00
146.96195,0.959,-0.418,0.00
146.97216,0.969,-0.438,0.00
146.98244,0.969,-0.453,0.00
146.99275,0.980,-0.453,0.00
147.00345,0.980,-0.468,0.00
147.01370,0.998,-0.468,0.00
147.02385,1.029,-0.483,0.00
147.03402,1.029,-0.483,0.00
147.04418,1.076,-0.501,0.00
147.05447,1.076,-0.501,0.00
147.06488,1.145,-0.523,0.00
147.07569,1.145,-0.523,0.00
147.08585,1.211,-0.541,0.00
147.09600,1.211,-0.541,0.00
147.10616,1.279,-0.558,0.00
147.11632,1.279,-0.558,0.00
147.12675,1.370,-0.576,0.00
147.13693,1.370,-0.576,0.00
147.14730,1.509,-0.596,0.00
147.15747,1.718,-0.596,0.00
147.16775,1.718,-0.618,0.00
147.17803,1.718,-0.618,0.00
147.18822,1.985,-0.643,0.00
147.19839,1.985,-0.668,0.00
147.20854,2.209,-0.668,0.00
147.21870,2.209,-0.668,0.00
147.22885,2.468,-0.687,0.00
147.23914,2.468,-0.687,0.00
147.24954,2.468,-0.687,0.00
147.25971,2.836,-0.687,0.00
147.27000,3.187,-0.722,0.00
147.28019,3.524,-0.733,0.00
147.29051,3.524,-0.733,0.00
147.30066,3.841,-0.754,0.00
147.31082,3.841,-0.754,0.00
147.32098,3.841,-0.754,0.00
147.33113,4.208,-0.773,0.00
147.34127,4.208,-0.773,0.00
147.35160,4.208,-0.773,0.00
147.36176,4.595,-0.789,0.00
147.37192,5.023,-0.788,0.00
147.38237,5.023,-0.788,0.00
147.39268,5.023,-0.788,0.00
147.40299,5.530,-0.779,0.00
147.41315,6.101,-0.761,0.00
147.42333,6.727,-0.761,0.00
147.43610,6.727,-0.745,0.00
147.44706,7.439,-0.730,0.00
147.45725,7.439,-0.730,0.00
147.46740,8.232,-0.725,0.00
147.47754,8.232,-0.725,0.00
147.48770,9.094,-0.725,0.00
147.49785,9.094,-0.722,0.00
147.51515,10.019,-0.715,0.00
147.52531,11.032,-0.701,0.00
147.53553,11.032,-0.701,0.00
147.54812,12.136,-0.680,10.00
147.55857,12.136,-0.680,10.00
147.56873,13.301,-0.654,10.00
147.59604,14.502,-0.622,10.00
147.60636,15.729,-0.591,10.00
147.62970,15.729,-0.559,10.00
147.64009,16.999,-0.521,10.00
147.66129,19.638,-0.484,10.00
147.67164,19.638,-0.484,10.00
147.69170,19.638,-0.484,10.00
147.70202,22.252,-0.439,10.00
147.71236,22.252,-0.380,10.00
147.72355,22.252,-0.310,10.00
147.73382,23.515,-0.310,10.00
147.74457,24.717,-0.132,10.00
147.75613,24.717,-0.132,10.00
147.76748,25.876,0.076,10.00
147.77773,25.876,0.076,10.00
147.78818,27.024,0.297,10.00
147.79863,27.024,0.297,10.00
147.80904,28.121,0.502,10.00
147.83985,28.121,0.695,10.00
147.85005,30.070,0.873,10.00
147.86889,30.070,0.873,10.00
147.87906,30.946,1.051,10.00
147.89906,30.946,1.217,10.50
147.90924,32.458,1.409,10.50
147.91941,32.458,1.409,10.50
147.93139,33.118,1.578,10.50
147.94219,33.118,1.578,10.50
147.95236,33.714,1.747,10.50
147.96515,33.714,1.747,10.50
147.97541,34.204,1.900,10.50
147.98547,34.575,2.038,10.50
147.99619,34.575,2.038,10.50
148.00800,34.850,2.159,10.50
148.01826,34.850,2.159,10.50
148.02841,35.044,2.257,10.50
148.03857,35.044,2.257,10.50
148.04873,35.151,2.357,10.50
148.07744,35.167,2.446,10.50
148.08758,35.105,2.532,10.50
148.10763,34.985,2.603,11.00
148.11778,34.985,2.603,11.00
148.13942,34.985,2.654,11.00
148.14990,34.581,2.703,11.00
148.17250,34.308,2.745,11.00
148.18300,33.991,2.784,11.00
148.20355,33.991,2.827,11.00
148.21414,33.636,2.827,11.00
148.22430,33.242,2.869,11.00
148.23621,33.242,2.869,11.50
148.24641,32.817,2.930,11.50
148.25658,32.817,2.930,11.50
148.26770,32.363,2.979,11.50
148.27826,32.363,2.979,11.50
148.28862,31.898,3.035,11.50
148.30053,31.898,3.035,11.50
148.31071,31.410,3.099,11.50
148.32087,31.410,3.099,11.50
148.33169,30.888,3.161,12.00
148.34188,30.888,3.161,12.00
148.35204,30.337,3.226,12.00
148.38342,29.763,3.283,12.00
148.39388,29.153,3.343,12.00
148.41201,28.541,3.393,12.00
148.42233,27.916,3.437,12.00
148.44512,27.916,3.469,12.50
148.45538,27.263,3.469,12.50
148.47547,26.572,3.493,12.50
148.48568,26.572,3.493,12.50
148.49583,25.878,3.525,12.50
148.50812,25.230,3.559,12.50
148.51846,24.619,3.610,12.50
148.52877,24.619,3.610,12.50
148.53943,24.619,3.610,12.50
148.54970,24.010,3.686,12.50
148.55987,24.010,3.686,12.50
148.57271,23.392,3.779,13.00
148.58287,22.766,3.779,13.00
148.59315,22.766,3.882,13.00
148.60396,22.766,3.882,13.00
148.61423,22.766,3.882,13.00
148.62439,22.139,3.989,13.00
148.63515,21.513,4.103,13.00
148.64533,20.889,4.213,13.00
148.65550,20.889,4.213,13.00
148.66572,20.247,4.343,13.00
148.68469,19.589,4.491,13.50
148.69485,19.589,4.491,13.50
148.71589,19.589,4.491,13.50
148.72616,18.201,4.642,13.50
148.74797,17.448,5.014,13.50
148.75835,17.448,5.014,13.50
148.77947,16.682,5.208,14.00
148.78985,15.922,5.432,14.00
148.80014,15.922,5.669,14.00
148.81140,15.170,5.669,14.00
148.82165,14.394,5.939,14.00
148.83182,14.394,5.939,14.00
148.84589,14.394,5.939,14.00
148.85607,14.394,5.939,14.00
148.86623,12.874,6.223,14.00
148.87638,12.874,6.532,14.00
148.88661,12.874,6.532,14.00
148.89678,12.874,6.532,14.00
148.90754,12.874,6.532,14.50
148.91989,12.874,6.532,14.50
148.93013,11.207,7.632,14.50
148.95514,10.440,8.057,14.50
148.96533,8.963,9.028,14.50
148.98768,8.963,9.028,14.50
148.99854,8.326,9.626,14.50
149.02100,7.315,10.289,14.50
149.03119,7.315,11.099,14.50
149.05123,6.976,11.099,14.50
149.06142,6.976,11.874,14.50
149.07158,6.734,12.655,14.50
149.08365,6.560,12.655,14.50
149.09401,6.560,13.427,14.50
149.10421,6.560,14.161,14.50
149.11574,6.427,14.161,15.00
149.12601,6.218,14.911,15.00
149.13616,6.218,14.911,15.00
149.14837,6.218,15.577,15.00
149.15855,6.019,15.577,15.00
149.16870,5.812,16.183,15.00
149.18105,5.557,16.183,15.00
149.19214,5.557,16.822,15.00
149.20336,5.557,16.822,15.00
149.23251,5.034,17.414,15.00
149.24270,4.744,18.465,15.00
149.25979,4.744,18.465,15.00
149.27039,4.519,18.959,15.00
149.29248,4.396,19.484,15.00
149.30265,4.339,19.999,15.00
149.32390,4.339,19.999,15.00
149.33407,4.314,20.522,15.00
149.35602,4.233,21.110,15.00
149.36620,4.065,21.648,15.00
149.37635,4.065,21.648,15.00
149.38748,3.874,21.648,15.00
149.39826,3.874,22.197,15.00
149.40842,3.661,22.750,15.00
149.41996,3.661,22.750,15.00
149.43017,3.661,22.750,15.00
149.44027,3.453,23.339,15.00
149.45230,3.248,23.339,15.00
149.46265,3.037,23.906,15.00
149.47296,3.037,24.481,15.00
149.48412,2.853,24.481,15.00
149.49429,2.853,25.057,15.00
149.50461,2.681,25.631,15.00
149.53175,2.681,26.311,15.00
149.54218,2.543,26.311,15.00
149.56333,2.543,26.885,15.00
149.57351,2.309,27.476,15.00
149.59553,2.232,28.040,15.00
149.60601,2.160,28.592,15.00
149.62795,2.104,29.129,15.00
149.63816,2.104,29.129,15.00
149.64835,2.081,29.618,15.00
149.65997,2.081,29.618,15.00
149.67016,2.091,30.056,15.00
149.68041,2.091,30.056,15.00
149.69146,2.117,30.466,15.00
149.70184,2.117,30.466,15.00
149.71286,2.148,30.770,15.00
149.72396,2.183,31.057,15.00
149.73412,2.183,31.057,15.00
149.74442,2.183,31.258,15.00
149.75560,2.223,31.258,15.00
149.76607,2.274,31.439,15.00
149.77629,2.274,31.439,15.00
149.78901,2.333,31.610,15.00
149.79921,2.333,31.610,15.00
149.80933,2.333,31.769,15.00
149.83741,2.461,31.897,15.00
149.84857,2.537,31.975,15.00
149.86809,2.599,31.975,15.00
149.87840,2.599,32.018,15.00
149.90014,2.660,32.044,15.00
149.91041,2.712,32.080,15.00
149.93216,2.757,32.141,15.00
149.94233,2.791,32.218,15.00
149.95249,2.791,32.218,15.00
149.96282,2.820,32.218,0.00
149.97316,2.820,32.305,0.00
149.98334,2.820,32.397,0.00
149.99352,2.839,32.397,0.00
150.00415,2.862,32.512,0.00
150.01499,2.862,32.512,0.00
150.02541,2.862,32.512,0.00
150.03572,2.862,32.632,0.00
150.04772,2.825,32.748,0.00
150.05830,2.825,32.748,0.00
150.06859,2.747,32.862,0.00
150.07893,2.747,32.862,0.00
150.08910,2.632,32.958,0.00
150.09926,2.632,32.958,0.00
150.10941,2.484,33.045,0.00
150.11957,2.484,33.045,0.00
150.12973,2.313,33.132,0.00
150.13989,2.313,33.132,0.00
150.15021,2.139,33.201,0.00
150.16056,2.139,33.201,0.00
150.17092,1.994,33.192,0.00
150.18141,1.994,33.192,0.00
150.19158,1.880,33.092,0.00
150.20175,1.880,33.092,0.00
150.21223,1.780,32.882,0.00
150.22248,1.780,32.882,0.00
150.23265,1.676,32.537,0.00
150.24280,1.676,32.537,0.00
150.25296,1.543,32.082,0.00
150.26332,1.394,31.532,0.00
150.27375,1.394,31.532,0.00
150.28603,1.254,30.952,0.00
150.29924,1.254,30.952,0.00
150.30942,1.134,30.427,0.00
150.31957,1.134,29.854,0.00
150.32973,1.014,29.854,0.00
150.33990,1.014,29.854,0.00
150.35026,1.014,29.854,0.00
150.36044,0.917,29.306,0.00
150.37159,0.917,28.719,0.00
150.38174,0.834,28.078,0.00
150.39190,0.748,28.078,0.00
150.40207,0.748,28.078,0.00
150.41231,0.677,27.426,0.00
150.42249,0.677,27.426,0.00
150.43265,0.611,26.751,0.00
150.44287,0.611,26.751,0.00
150.45478,0.546,26.022,0.00
150.46814,0.467,25.217,0.00
150.47859,0.467,25.217,0.00
150.48875,0.342,24.248,0.00
150.49891,0.342,24.248,0.00
150.50907,0.221,23.350,0.00
150.51967,0.221,23.350,0.00
150.52982,0.143,22.478,0.00
150.53997,0.138,21.616,0.00
150.55018,0.138,21.616,0.00
150.56049,0.138,21.616,0.00
150.57064,0.016,20.749,0.00
150.58085,0.016,20.749,0.00
150.59103,-0.067,19.850,0.00
150.60120,-0.067,19.850,0.00
150.61136,-0.123,18.965,0.00
150.62165,-0.123,18.965,0.00
150.63182,-0.163,18.197,0.00
150.64229,-0.163,18.197,0.00
150.65266,-0.195,17.389,0.00
150.66371,-0.195,17.389,0.00
150.67387,-0.187,16.647,0.00
150.68423,-0.221,15.922,0.00
150.69439,-0.221,15.922,0.00
150.70454,-0.250,15.242,0.00
150.71471,-0.250,15.242,0.00
150.72656,-0.250,15.242,0.00
150.73672,-0.264,14.552,0.00
150.74707,-0.270,13.803,0.00
150.75734,-0.270,13.803,0.00
150.76750,-0.242,12.844,0.00
150.77767,-0.242,12.844,0.00
150.78796,-0.153,11.824,0.00
150.79816,-0.153,11.824,0.00
150.80846,-0.158,10.579,0.00
150.81881,-0.158,10.579,0.00
150.82899,-0.128,9.389,0.00
150.83929,-0.128,9.389,0.00
150.84935,-0.100,8.138,0.00
150.85951,-0.100,8.138,0.00
150.86975,-0.100,8.138,0.00
150.88294,-0.065,6.934,0.00
150.89310,-0.035,5.733,0.00
150.90349,-0.007,4.608,0.00
150.91391,-0.007,4.608,0.00
150.92417,0.015,3.598,0.00
150.93451,0.015,3.598,0.00
150.94472,0.021,3.598,0.00
150.95497,0.021,2.691,0.00
150.96527,0.014,2.691,0.00
150.97573,0.014,1.839,0.00
150.98621,0.009,1.215,0.00
150.99693,0.009,1.215,0.00
151.00713,0.009,0.773,0.00
151.01746,0.005,0.773,0.00
151.02761,-0.004,0.449,0.00
151.03776,-0.004,0.449,0.00
151.04792,-0.004,0.449,0.00
151.05808,-0.016,0.243,0.00
151.06824,-0.032,0.114,0.00
151.07839,-0.032,0.114,0.00
151.08865,-0.047,0.065,0.00
151.09903,-0.047,0.065,0.00
151.10931,-0.057,0.079,0.00
151.11972,-0.057,0.079,0.00
151.12999,-0.064,0.140,0.00
151.14015,-0.064,0.140,0.00
151.15031,-0.071,0.181,0.00
151.16046,-0.071,0.181,0.00
151.17061,-0.083,0.202,0.00
151.18076,-0.083,0.206,0.00
151.19094,-0.095,0.206,0.00
151.20126,-0.106,0.176,0.00
151.21156,-0.106,0.176,0.00
151.22173,-0.117,0.176,0.00
151.23189,-0.117,0.141,0.00
151.24218,-0.117,0.141,0.00
151.25234,-0.123,0.118,0.00
151.26279,-0.123,0.118,0.00
151.27295,-0.130,0.118,0.00
151.28311,-0.130,0.098,0.00
151.29326,-0.132,0.090,0.00
151.30342,-0.132,0.090,0.00
151.31369,-0.132,0.093,0.00
151.32385,-0.129,0.100,0.00
151.33400,-0.129,0.100,0.00
151.34414,-0.129,0.100,0.00
151.35447,-0.128,0.111,0.00
151.36463,-0.117,0.118,0.00
151.37479,-0.117,0.118,0.00
151.38517,-0.097,0.130,0.00
151.39515,-0.097,0.130,0.00
151.40533,-0.071,0.145,0.00
151.41549,-0.071,0.145,0.00
151.42571,-0.071,0.145,0.00
151.43587,-0.045,0.168,0.00
151.44607,-0.024,0.193,0.00
151.46771,-0.008,0.225,0.00
151.47826,-0.008,0.225,0.00
151.49024,0.003,0.254,0.00
151.50599,0.014,0.284,0.00
151.52180,0.014,0.284,0.00
151.53221,0.014,0.310,0.00
151.54492,0.021,0.310,0.00
151.56553,0.040,0.382,0.00
151.57863,0.040,0.382,0.00
151.59040,0.050,0.382,0.00
151.60139,0.062,0.382,0.00
151.61163,0.062,0.382,0.00
151.62720,0.062,0.490,0.00
151.63799,0.062,0.569,0.00
151.66696,0.104,0.710,0.00
151.67728,0.104,0.710,0.00
151.69385,0.110,0.772,0.00
151.70628,0.110,0.829,0.00
151.72180,0.110,0.829,0.00
151.73243,0.108,0.829,0.00
151.74309,0.108,0.829,0.00
151.75381,0.103,0.829,0.00
151.76458,0.103,0.829,0.00
151.78917,0.097,0.829,0.00
151.80092,0.097,0.971,0.00
151.82354,0.082,0.998,0.00
151.83490,0.079,1.026,0.00
151.85142,0.079,1.054,0.00
151.88033,0.080,1.079,0.00
151.89596,0.078,1.079,0.00
151.90803,0.076,1.114,0.00
151.91963,0.076,1.114,0.00
151.94207,0.071,1.114,0.00
151.96297,0.062,1.101,0.00
151.97315,0.062,1.101,0.00
151.99209,0.062,1.101,0.00
152.00538,0.053,1.101,0.00
152.01648,0.053,1.059,0.00
152.03189,0.056,1.035,0.00
152.04409,0.056,1.035,0.00
152.05629,0.056,1.005,0.00
152.06843,0.056,1.005,0.00
152.07942,0.080,1.005,0.00
152.09697,0.080,0.978,0.00
152.11477,0.080,0.921,0.00
152.13019,0.114,0.921,0.00
152.14407,0.114,0.893,0.00
152.15515,0.138,0.893,0.00
152.16537,0.138,0.893,0.00
152.19024,0.167,0.847,0.00
152.20686,0.167,0.847,0.00
152.21968,0.215,0.808,0.00
152.23073,0.250,0.808,0.00
152.26370,0.278,0.774,0.00
152.27442,0.309,0.774,0.00
152.28539,0.309,0.757,0.00
152.30091,0.334,0.745,0.00
152.31273,0.361,0.745,0.00
152.32354,0.361,0.727,0.00
152.33936,0.390,0.727,0.00
152.35109,0.390,0.720,0.00
152.36176,0.429,0.720,0.00
152.37233,0.429,0.722,0.00
152.38327,0.429,0.731,0.00
152.39376,0.451,0.731,0.00
152.40536,0.474,0.731,0.00
152.41583,0.474,0.741,0.00
152.42665,0.495,0.751,0.00
152.43714,0.495,0.751,0.00
152.44917,0.516,0.759,0.00
152.51539,0.516,0.759,0.00
152.52589,0.579,0.785,0.00
152.57546,0.604,0.794,0.00
152.58654,0.679,0.817,0.00
152.59671,0.597,0.009,0.00
152.60688,0.597,0.009,0.00
152.61704,0.634,0.023,0.00
152.62721,0.673,0.041,0.00
152.63783,0.673,0.041,0.00
152.64839,0.732,0.060,0.00
152.65858,0.732,0.060,0.00
152.66874,0.800,0.082,0.00
152.67902,0.800,0.082,0.00
152.68936,0.884,0.102,0.00
152.69962,0.884,0.102,0.00
152.70978,0.968,0.125,0.00
152.71994,0.968,0.125,0.00
152.73011,1.062,0.160,0.00
152.74027,1.062,0.160,0.00
152.75044,1.206,0.206,0.00
152.76061,1.206,0.206,0.00
152.77077,1.465,0.250,0.00
152.78105,1.465,0.250,0.00
152.79121,1.696,0.301,0.00
152.80136,1.696,0.301,0.00
152.81182,1.696,0.301,0.00
152.82198,1.938,0.357,0.00
152.83215,2.307,0.419,0.00
152.84231,2.842,0.479,0.00
152.85247,2.842,0.479,0.00
152.86274,3.388,0.536,0.00
152.87317,3.388,0.536,0.00
152.88378,3.388,0.588,0.00
152.89415,3.982,0.588,0.00
152.90444,3.982,0.632,0.00
152.91478,4.688,0.632,0.00
152.92579,5.489,0.661,0.00
152.93680,5.489,0.661,0.00
152.94696,6.406,0.682,0.00
152.95724,6.406,0.682,0.00
152.96771,7.347,0.708,0.00
152.97806,7.347,0.708,0.00
152.98847,8.364,0.730,0.00
152.99863,8.364,0.730,0.00
153.00902,9.464,0.747,0.00
153.01977,9.464,0.747,0.00
153.03521,10.592,0.760,0.00
153.04572,11.749,0.758,0.00
153.05622,11.749,0.758,0.00
153.06782,12.963,0.753,10.00
153.07816,12.963,0.753,10.00
153.08854,14.243,0.760,10.00
153.09965,14.243,0.760,10.00
153.10987,15.576,0.780,10.00
153.12025,15.576,0.780,10.00
153.14798,16.924,0.812,10.00
153.15827,18.311,0.867,10.00
153.17984,19.736,0.936,10.00
153.19019,21.161,1.007,10.00
153.21119,21.161,1.007,10.00
153.22136,22.577,1.075,10.00
153.24396,25.228,1.302,10.00
153.25430,25.228,1.302,10.00
153.26445,25.228,1.476,10.00
153.27573,26.420,1.476,10.00
153.28594,27.543,1.476,10.00
153.29610,27.543,1.654,10.00
153.30771,28.589,1.839,10.00
153.31804,28.589,1.839,10.00
153.32840,29.555,2.022,10.00
153.34130,30.440,2.192,10.00
153.35159,30.440,2.192,10.00
153.36212,31.242,2.192,10.00
153.37229,31.242,2.343,10.00
153.38252,31.955,2.473,10.00
153.39268,31.955,2.473,10.00
153.42130,32.574,2.637,10.50
153.43149,33.105,2.789,10.50
153.45132,33.105,2.936,10.50
153.46150,33.564,2.936,10.50
153.48389,34.259,3.211,10.50
153.49739,34.259,3.211,10.50
153.51601,34.484,3.336,10.50
153.52617,34.617,3.447,10.50
153.54712,34.617,3.447,10.50
153.55740,34.653,3.534,10.50
153.56804,34.621,3.608,10.50
153.58034,34.621,3.608,10.50
153.59129,34.529,3.657,10.50
153.60148,34.529,3.657,10.50
153.61182,34.377,3.704,11.00
153.62385,34.377,3.704,11.00
153.63403,34.190,3.745,11.00
153.64418,33.994,3.784,11.00
153.65433,33.994,3.784,11.00
153.66469,33.782,3.823,11.00
153.69189,33.518,3.855,11.00
153.70233,33.518,3.885,11.00
153.72459,32.891,3.885,11.00
153.73490,32.891,3.905,11.00
153.75634,32.575,3.905,11.50
153.76673,32.259,3.935,11.50
153.78731,31.925,3.935,11.50
153.79815,31.925,3.949,11.50
153.82231,31.564,3.965,11.50
153.83255,31.167,3.965,11.50
153.85183,30.751,3.981,12.00
153.86243,30.751,3.981,12.00
153.87262,30.313,3.981,12.00
153.88358,29.842,3.981,12.00
153.89374,29.842,3.979,12.00
153.90391,29.842,3.979,12.00
153.91595,29.318,3.982,12.00
153.92611,28.723,3.974,12.00
153.93823,28.723,3.967,12.00
153.94840,28.077,3.967,12.00
153.95879,28.077,3.954,12.00
153.96895,27.389,3.954,12.00
153.99604,26.633,3.958,12.50
154.00638,25.829,3.977,12.50
154.02713,25.829,3.977,12.50
154.03732,24.998,4.009,12.50
154.05984,24.135,4.078,12.50
154.07019,23.243,4.152,12.50
154.09229,22.303,4.152,13.00
154.10268,21.311,4.266,13.00
154.12324,21.311,4.402,13.00
154.13342,20.309,4.545,13.00
154.14365,20.309,4.545,13.00
154.15746,19.282,4.702,13.00
154.16774,18.219,4.860,13.00
154.17795,18.219,4.860,13.00
154.18813,17.156,5.040,13.50
154.19995,17.156,5.040,13.50
154.21011,16.081,5.255,13.50
154.22133,16.081,5.255,13.50
154.23167,14.981,5.448,13.50
154.24184,14.981,5.663,13.50
154.25202,13.878,5.663,13.50
154.26237,13.878,5.663,13.50
154.27315,12.760,5.895,13.50
154.30044,11.616,5.895,14.00
154.31148,10.486,6.482,14.00
154.33218,9.381,6.830,14.00
154.34417,9.381,6.830,14.00
154.36361,8.298,7.646,14.00
154.37380,7.314,7.646,14.00
154.39591,6.515,8.079,14.00
154.40607,5.829,8.079,14.00
154.41651,5.829,8.484,14.00
154.42746,5.829,8.924,14.50
154.43775,5.261,8.924,14.50
154.44795,5.261,9.362,14.50
154.45947,4.746,9.362,14.50
154.46996,4.295,9.857,14.50
154.48012,4.295,10.389,14.50
154.49152,3.953,10.389,14.50
154.50176,3.629,10.389,14.50
154.51207,3.629,10.950,14.50
154.52375,3.629,10.950,14.50
154.53414,3.225,11.598,14.50
154.54443,2.849,11.598,14.50
154.57128,2.849,12.199,14.50
154.58145,2.498,12.813,14.50
154.60350,2.122,14.055,14.50
154.61387,1.857,14.055,14.50
154.63518,1.857,14.055,15.00
154.64576,1.786,14.704,15.00
154.66848,1.832,15.979,15.00
154.67863,1.832,16.609,15.00
154.68898,1.869,16.609,15.00
154.69952,1.869,16.609,15.00
154.70975,1.906,17.289,15.00
154.72012,1.906,17.896,15.00
154.73120,1.951,17.896,15.00
154.74138,1.951,17.896,15.00
154.75154,1.976,18.459,15.00
154.76363,2.027,19.069,15.00
154.77405,2.027,19.069,15.00
154.78421,2.096,19.627,15.00
154.79535,2.096,19.627,15.00
154.80570,2.096,19.627,15.00
154.81601,2.179,20.172,15.00
154.84509,2.259,21.394,15.00
154.85595,2.351,21.394,15.00
154.87620,2.454,21.394,15.00
154.88739,2.543,22.830,15.00
154.90900,2.612,23.600,15.00
154.92035,2.612,23.600,15.00
154.94116,2.649,24.398,15.00
154.95135,2.664,25.196,15.00
154.97294,2.683,26.022,15.00
154.98334,2.699,26.807,15.00
154.99377,2.699,26.807,15.00
155.00490,2.699,26.807,15.00
155.01505,2.706,27.591,15.00
155.02521,2.711,28.460,15.00
155.03577,2.711,28.460,15.00
155.04608,2.705,29.218,15.00
155.05654,2.705,29.218,15.00
155.06748,2.678,29.218,15.00
155.07999,2.678,29.954,15.00
155.09013,2.647,30.652,15.00
155.10043,2.647,30.652,15.00
155.11058,2.618,31.287,15.00
155.12075,2.588,31.870,15.00
155.14774,2.588,32.398,15.00
155.15799,2.557,32.398,15.00
155.18119,2.538,33.389,15.00
155.19151,2.520,33.389,15.00
155.21099,2.520,33.389,15.00
155.22118,2.506,33.819,15.00
155.23152,2.487,34.229,15.00
155.24409,2.473,34.229,15.00
155.25427,2.473,34.589,15.00
155.26471,2.464,34.893,15.00
155.27664,2.464,34.893,15.00
155.28681,2.462,35.184,15.00
155.29789,2.462,35.184,15.00
155.30905,2.463,35.449,15.00
155.31925,2.463,35.624,15.00
155.32940,2.470,35.624,15.00
155.34092,2.470,35.754,15.00
155.35133,2.491,35.754,15.00
155.36191,2.491,35.754,15.00
155.37211,2.491,35.754,15.00
155.38228,2.491,35.754,15.00
155.39244,2.551,35.873,15.00
155.41975,2.636,35.916,15.00
155.42993,2.636,35.959,15.00
155.45124,2.690,35.959,15.00
155.46167,2.690,36.001,15.00
155.47186,2.743,36.001,0.00
155.48206,2.743,36.020,0.00
155.49239,2.798,36.034,0.00
155.50255,2.798,36.034,0.00
155.51271,2.846,36.049,0.00
155.52299,2.888,36.059,0.00
155.53315,2.888,36.059,0.00
155.54344,2.888,36.059,0.00
155.55378,2.917,36.076,0.00
155.56395,2.914,36.092,0.00
155.57414,2.914,36.092,0.00
155.58433,2.914,36.092,0.00
155.59476,2.872,36.113,0.00
155.60512,2.796,36.145,0.00
155.61569,2.796,36.145,0.00
155.62598,2.698,36.179,0.00
155.63615,2.698,36.179,0.00
155.64635,2.597,36.224,0.00
155.65661,2.597,36.224,0.00
155.66676,2.508,36.262,0.00
155.67738,2.508,36.262,0.00
155.68754,2.434,36.241,0.00
155.69769,2.434,36.158,0.00
155.70790,2.387,36.158,0.00
155.71805,2.387,36.158,0.00
155.72822,2.356,35.973,0.00
155.73841,2.356,35.973,0.00
155.74864,2.324,35.688,0.00
155.75881,2.288,35.688,0.00
155.76920,2.288,35.310,0.00
155.77986,2.288,35.310,0.00
155.79001,2.243,34.879,0.00
155.80029,2.198,34.879,0.00
155.81061,2.198,34.444,0.00
155.82098,2.198,34.444,0.00
155.83116,2.159,34.011,0.00
155.84138,2.159,33.656,0.00
155.85154,2.126,33.656,0.00
155.86173,2.126,33.656,0.00
155.87190,2.104,33.322,0.00
155.88206,2.104,33.322,0.00
155.89222,2.098,33.012,0.00
155.90238,2.096,32.713,0.00
155.91254,2.096,32.713,0.00
155.92270,2.095,32.410,0.00
155.93286,2.095,32.410,0.00
155.94301,2.095,32.410,0.00
155.95320,2.091,32.055,0.00
155.96349,2.091,32.055,0.00
155.97393,2.091,32.055,0.00
155.98420,2.091,32.055,0.00
155.99436,2.091,32.055,0.00
156.00452,2.034,31.158,0.00
156.01468,1.996,30.069,0.00
156.02507,1.958,29.505,0.00
156.03534,1.958,29.505,0.00
156.04551,1.902,28.960,0.00
156.05567,1.902,28.960,0.00
156.06584,1.902,28.960,0.00
156.07600,1.857,28.397,0.00
156.08633,1.824,27.834,0.00
156.09630,1.824,27.834,0.00
156.10660,1.824,27.834,0.00
156.11735,1.785,27.255,0.00
156.12750,1.745,26.700,0.00
156.13787,1.745,26.700,0.00
156.14802,1.718,26.062,0.00
156.15818,1.718,26.062,0.00
156.16834,1.694,25.544,0.00
156.17867,1.694,25.544,0.00
156.18947,1.690,25.053,0.00
156.20047,1.690,25.053,0.00
156.21088,1.692,24.589,0.00
156.22121,1.673,24.108,0.00
156.23159,1.673,24.108,0.00
156.24174,1.647,23.652,0.00
156.25189,1.647,23.652,0.00
156.26217,1.647,23.652,0.00
156.27249,1.647,23.652,0.00
156.28280,1.615,23.213,0.00
156.29315,1.615,23.213,0.00
156.30356,1.615,23.213,0.00
156.31371,1.577,23.213,0.00
156.32388,1.537,22.318,0.00
156.33405,1.486,22.318,0.00
156.34428,1.427,21.335,0.00
156.35444,1.427,21.335,0.00
156.36508,1.365,20.789,0.00
156.37524,1.365,20.789,0.00
156.38643,1.365,20.789,0.00
156.39658,1.365,20.789,0.00
156.40723,1.365,20.789,0.00
156.41738,1.365,20.789,0.00
156.42756,1.365,20.789,0.00
156.43805,1.298,20.156,0.00
156.44819,1.226,19.568,0.00
156.45834,1.063,18.240,0.00
156.46850,1.005,17.454,0.00
156.47873,0.927,17.454,0.00
156.48890,0.927,16.778,0.00
156.49909,0.927,16.778,0.00
156.50926,0.835,16.145,0.00
156.51959,0.835,16.145,0.00
156.52975,0.750,15.498,0.00
156.53991,0.750,15.498,0.00
156.55007,0.688,14.881,0.00
156.56110,0.688,14.881,0.00
156.57125,0.670,14.265,0.00
156.58141,0.514,13.698,0.00
156.59156,0.514,13.698,0.00
156.60182,0.394,13.239,0.00
156.61203,0.394,13.239,0.00
156.62310,0.303,12.768,0.00
156.63346,0.303,12.768,0.00
156.64370,0.303,12.373,0.00
156.65419,0.316,12.373,0.00
156.66447,0.203,11.974,0.00
156.67499,0.203,11.974,0.00
156.68515,0.132,11.485,0.00
156.69546,0.132,11.485,0.00
156.70569,0.082,11.022,0.00
156.71605,0.082,11.022,0.00
156.72620,0.037,10.632,0.00
156.73634,0.037,10.632,0.00
156.74650,0.011,10.235,0.00
156.75805,0.011,10.235,0.00
156.76825,0.003,9.837,0.00
156.77844,0.003,9.837,0.00
156.78860,0.014,9.392,0.00
156.79876,0.014,9.392,0.00
156.80892,0.032,9.076,0.00
156.81908,0.052,9.076,0.00
156.82924,0.052,8.719,0.00
156.83941,0.052,8.719,0.00
156.84968,0.064,8.359,0.00
156.85983,0.064,8.359,0.00
156.86999,0.054,7.998,0.00
156.88014,0.064,7.604,0.00
156.89029,0.064,7.604,0.00
156.90045,0.092,7.604,0.00
156.91061,0.092,7.090,0.00
156.92081,0.092,6.547,0.00
156.93096,0.047,6.547,0.00
156.94111,0.047,5.835,0.00
156.95126,0.042,5.835,0.00
156.96142,0.042,5.835,0.00
156.97158,0.033,5.122,0.00
156.98175,0.033,5.122,0.00
156.99829,0.015,4.293,0.00
157.01462,-0.020,4.293,0.00
157.03515,0.063,2.756,0.00
157.04626,0.017,2.756,0.00
157.05715,0.017,2.088,0.00
157.07964,-0.071,2.088,0.00
157.09078,-0.138,1.515,0.00
157.10151,-0.138,1.074,0.00
157.11200,-0.119,0.683,0.00
157.12877,-0.220,0.683,0.00
157.13943,-0.220,0.398,0.00
157.14990,-0.310,0.398,0.00
157.16026,-0.310,0.004,0.00
157.17148,-0.362,0.004,0.00
157.18170,-0.362,0.004,0.00
157.19273,-0.403,0.004,0.00
157.20299,-0.403,-0.101,0.00
157.21392,-0.403,-0.101,0.00
157.22439,-0.403,-0.250,0.00
157.23464,-0.443,-0.250,0.00
157.24495,-0.444,-0.250,0.00
157.25563,-0.444,-0.292,0.00
157.26690,-0.444,-0.316,0.00
157.27720,-0.434,-0.316,0.00
157.28795,-0.434,-0.314,0.00
157.30014,-0.416,-0.334,0.00
157.31073,-0.395,-0.334,0.00
157.32172,-0.377,-0.334,0.00
157.33625,-0.377,-0.356,0.00
157.35078,-0.366,-0.359,0.00
157.36172,-0.366,-0.359,0.00
157.37268,-0.366,-0.349,0.00
157.38421,-0.357,-0.321,0.00
157.40014,-0.345,-0.281,0.00
157.41036,-0.345,-0.281,0.00
157.42207,-0.345,-0.227,0.00
157.43266,-0.338,-0.227,0.00
157.44367,-0.327,-0.227,0.00
157.45419,-0.327,-0.180,0.00
157.46459,-0.319,-0.180,0.00
157.47532,-0.319,-0.139,0.00
157.48615,-0.319,-0.139,0.00
157.50398,-0.319,-0.102,0.00
157.51430,-0.329,-0.063,0.00
157.52586,-0.329,-0.063,0.00
157.53673,-0.353,-0.024,0.00
157.54740,-0.353,-0.024,0.00
157.55783,-0.353,0.001,0.00
157.56984,-0.375,0.001,0.00
157.58084,-0.387,0.014,0.00
157.59125,-0.387,0.014,0.00
157.60138,-0.387,0.014,0.00
157.61740,-0.384,0.007,0.00
157.62903,-0.384,0.007,0.00
157.63991,-0.355,-0.011,0.00
157.65060,-0.355,-0.034,0.00
157.66090,-0.335,-0.034,0.00
157.67141,-0.335,-0.046,0.00
157.68229,-0.335,-0.046,0.00
157.69270,-0.295,-0.046,0.00
157.70313,-0.295,-0.049,0.00
157.71364,-0.262,-0.049,0.00
157.73058,-0.232,-0.062,0.00
157.74094,-0.232,-0.062,0.00
157.75258,-0.193,-0.062,0.00
157.76862,-0.169,-0.117,0.00
157.77999,-0.169,-0.117,0.00
157.79056,-0.154,-0.117,0.00
157.80084,-0.154,-0.166,0.00
157.81286,-0.154,-0.166,0.00
157.82371,-0.137,-0.223,0.00
157.84237,-0.127,-0.310,0.00
157.85272,-0.127,-0.310,0.00
157.86310,-0.127,-0.310,0.00
157.87353,-0.127,-0.350,0.00
157.88393,-0.094,-0.350,0.00
157.89436,-0.094,-0.350,0.00
157.90477,-0.056,-0.350,0.00
157.91530,-0.056,-0.383,0.00
157.92595,-0.056,-0.383,0.00
157.93674,-0.056,-0.452,0.00
